1403715893.984059 -0.01586 0.02796 0.04977 0.81556 -0.03603 0.57667 0.03185
1403715894.084059 -0.02246 0.03592 0.06220 0.82453 -0.03713 0.56369 0.03206
1403715894.184058 -0.02681 0.04655 0.07898 0.82474 -0.03229 0.56314 0.04057
1403715894.284059 -0.03103 0.06504 0.11122 0.81870 -0.02508 0.57126 0.05254
1403715894.384058 -0.03181 0.08377 0.14112 0.81546 -0.01961 0.57516 0.06192
1403715894.484059 -0.03389 0.11310 0.17571 0.81662 -0.02018 0.57324 0.06419
1403715894.584059 -0.03432 0.14788 0.20088 0.82096 -0.02421 0.56718 0.06121
1403715894.684058 -0.03147 0.18495 0.21816 0.82412 -0.02899 0.56291 0.05582
1403715894.784059 -0.02481 0.22842 0.24032 0.82307 -0.03404 0.56478 0.04914
1403715894.884058 -0.01358 0.26761 0.25888 0.81938 -0.03690 0.57033 0.04453
1403715894.984059 -0.00368 0.31744 0.28614 0.81568 -0.03797 0.57567 0.04270
1403715895.084059 0.00619 0.36426 0.31191 0.81433 -0.03841 0.57757 0.04245
1403715895.184058 0.01553 0.41003 0.33643 0.81416 -0.04021 0.57786 0.04001
1403715895.284059 0.02493 0.45675 0.35971 0.81406 -0.04165 0.57802 0.03833
1403715895.384058 0.03489 0.50369 0.38183 0.81389 -0.04219 0.57823 0.03825
1403715895.484059 0.04405 0.55449 0.40432 0.81417 -0.04276 0.57779 0.03824
1403715895.584059 0.05205 0.60365 0.42697 0.81475 -0.04405 0.57690 0.03775
1403715895.684058 0.05993 0.65325 0.44833 0.81433 -0.04390 0.57744 0.03876
1403715895.784059 0.06793 0.70380 0.46893 0.81445 -0.04473 0.57723 0.03854
1403715895.884058 0.07642 0.75233 0.48837 0.81437 -0.04486 0.57730 0.03892
1403715895.984059 0.08471 0.80272 0.50966 0.81400 -0.04646 0.57784 0.03669
1403715896.084059 0.09214 0.84885 0.52879 0.81419 -0.04891 0.57765 0.03213
1403715896.184058 0.10051 0.89443 0.54614 0.81369 -0.05423 0.57828 0.02380
1403715896.284059 0.10792 0.93624 0.56253 0.81076 -0.06408 0.58178 0.00948
1403715896.384058 0.11460 0.97356 0.58037 0.80721 -0.07495 0.58545 -0.00633
1403715896.484059 0.11879 0.99901 0.59945 0.80411 -0.08253 0.58844 -0.01840
1403715896.584059 0.11893 1.01230 0.61984 0.79999 -0.08688 0.59310 -0.02644
1403715896.684058 0.11466 1.01538 0.64304 0.79602 -0.08894 0.59792 -0.03051
1403715896.784059 0.10501 1.00636 0.66607 0.79616 -0.09076 0.59721 -0.03518
1403715896.884058 0.09134 0.98073 0.68427 0.79901 -0.09390 0.59248 -0.04166
1403715896.984059 0.07245 0.93602 0.70616 0.80103 -0.10109 0.58753 -0.05424
1403715897.084059 0.05102 0.87191 0.72787 0.80184 -0.10816 0.58389 -0.06660
1403715897.184058 0.02631 0.78493 0.75113 0.80179 -0.10877 0.58369 -0.06780
1403715897.284059 -0.00012 0.67575 0.77352 0.80514 -0.09752 0.58270 -0.05194
1403715897.384058 -0.02575 0.55050 0.79350 0.81011 -0.07721 0.58068 -0.02381
1403715897.484059 -0.05422 0.40473 0.81766 0.81325 -0.06121 0.57869 -0.00140
1403715897.584059 -0.07885 0.26212 0.83885 0.81421 -0.05520 0.57791 0.00563
1403715897.684058 -0.09851 0.11770 0.85692 0.81330 -0.05866 0.57888 -0.00110
1403715897.784059 -0.11441 -0.02969 0.87419 0.81112 -0.06559 0.58103 -0.01349
1403715897.884058 -0.12640 -0.18125 0.89151 0.80737 -0.06789 0.58578 -0.02007
1403715897.984059 -0.14240 -0.34980 0.90880 0.80385 -0.06299 0.59128 -0.01530
1403715898.084059 -0.15950 -0.51416 0.92479 0.79695 -0.05693 0.60133 -0.00500
1403715898.184058 -0.18122 -0.68152 0.93944 0.78912 -0.05571 0.61165 0.00799
1403715898.284059 -0.20886 -0.84772 0.95184 0.78612 -0.06021 0.61470 0.02335
1403715898.384058 -0.24206 -1.01518 0.95794 0.78803 -0.07041 0.61050 0.03671
1403715898.484059 -0.28707 -1.18999 0.96320 0.79401 -0.08644 0.59960 0.05055
1403715898.584059 -0.33068 -1.35022 0.96584 0.79902 -0.10350 0.58883 0.06429
1403715898.684058 -0.37201 -1.50969 0.96199 0.79833 -0.12200 0.58448 0.07852
1403715898.784059 -0.41276 -1.66359 0.94553 0.79528 -0.13939 0.58279 0.09198
1403715898.884058 -0.45019 -1.81233 0.91612 0.79411 -0.15218 0.57946 0.10225
1403715898.984059 -0.49058 -1.96955 0.87470 0.79429 -0.16266 0.57501 0.10963
1403715899.084059 -0.52113 -2.12440 0.82620 0.79445 -0.16908 0.57230 0.11283
1403715899.184058 -0.54847 -2.27342 0.77196 0.80007 -0.17319 0.56292 0.11410
1403715899.284059 -0.56910 -2.41468 0.72448 0.80829 -0.17131 0.55033 0.12024
1403715899.384058 -0.57694 -2.54723 0.68565 0.81749 -0.16807 0.53695 0.12305
1403715899.484059 -0.57735 -2.67416 0.66607 0.82164 -0.16366 0.53092 0.12747
1403715899.584059 -0.56385 -2.78867 0.65693 0.82241 -0.16203 0.53077 0.12515
1403715899.684058 -0.54227 -2.90338 0.64723 0.82286 -0.16124 0.53108 0.12188
1403715899.784059 -0.51015 -3.02097 0.63737 0.82214 -0.15491 0.53332 0.12511
1403715899.884058 -0.46736 -3.13764 0.63145 0.81808 -0.14409 0.54066 0.13291
1403715899.984059 -0.41738 -3.25546 0.62244 0.81525 -0.13219 0.54456 0.14609
1403715900.084059 -0.36432 -3.34965 0.61687 0.81365 -0.12530 0.54630 0.15439
1403715900.184058 -0.30281 -3.43386 0.61047 0.81321 -0.12077 0.54621 0.16048
1403715900.284059 -0.23240 -3.50457 0.60662 0.81316 -0.11748 0.54592 0.16414
1403715900.384058 -0.15625 -3.55748 0.60532 0.81434 -0.11663 0.54385 0.16572
1403715900.484059 -0.06331 -3.60380 0.60139 0.81425 -0.12521 0.54553 0.15404
1403715900.584059 0.03148 -3.63363 0.60200 0.80684 -0.13693 0.55801 0.13742
1403715900.684058 0.12930 -3.65553 0.60480 0.79506 -0.14946 0.57545 0.11998
1403715900.784059 0.22572 -3.67186 0.60816 0.78016 -0.15502 0.59568 0.11175
1403715900.884058 0.31351 -3.68569 0.61459 0.76836 -0.15178 0.61067 0.11689
1403715900.984059 0.39857 -3.69440 0.62003 0.76017 -0.14742 0.62057 0.12369
1403715901.084059 0.46514 -3.69271 0.62868 0.75114 -0.14477 0.63134 0.12740
1403715901.184058 0.51785 -3.68244 0.63884 0.74297 -0.14400 0.64082 0.12888
1403715901.284059 0.55278 -3.66224 0.65233 0.73835 -0.14559 0.64602 0.12767
1403715901.384058 0.57154 -3.63295 0.66471 0.74225 -0.14996 0.64126 0.12393
1403715901.484059 0.57325 -3.59454 0.67872 0.75615 -0.15657 0.62448 0.11726
1403715901.584059 0.56131 -3.55385 0.69414 0.76593 -0.15893 0.61201 0.11631
1403715901.684058 0.53793 -3.50716 0.71097 0.76924 -0.15883 0.60756 0.11796
1403715901.784059 0.50333 -3.45516 0.72495 0.77599 -0.15978 0.59869 0.11780
1403715901.884058 0.46515 -3.40510 0.73589 0.78320 -0.15971 0.58931 0.11747
1403715901.984059 0.41609 -3.34543 0.74858 0.78713 -0.16023 0.58438 0.11510
1403715902.084059 0.36550 -3.28512 0.76068 0.78600 -0.15924 0.58617 0.11512
1403715902.184058 0.31072 -3.22426 0.76992 0.78641 -0.15354 0.58616 0.12001
1403715902.284059 0.25448 -3.16060 0.77522 0.79062 -0.14878 0.58061 0.12522
1403715902.384058 0.19905 -3.09589 0.77874 0.79627 -0.14537 0.57303 0.12832
1403715902.484059 0.13667 -3.01806 0.78543 0.80064 -0.14671 0.56751 0.12404
1403715902.584059 0.07748 -2.94139 0.79240 0.80490 -0.15296 0.56240 0.11157
1403715902.684058 0.02241 -2.86395 0.80144 0.80941 -0.15356 0.55812 0.09885
1403715902.784059 -0.02801 -2.78738 0.80301 0.81726 -0.14595 0.55072 0.08656
1403715902.884058 -0.06885 -2.71432 0.79199 0.82461 -0.13384 0.54452 0.07486
1403715902.984059 -0.10898 -2.63446 0.77312 0.83011 -0.11362 0.54181 0.06667
1403715903.084059 -0.14091 -2.56468 0.75554 0.83205 -0.08984 0.54427 0.05825
1403715903.184058 -0.16816 -2.49384 0.73984 0.83298 -0.06424 0.54697 0.05329
1403715903.284059 -0.19493 -2.42049 0.72364 0.83606 -0.04960 0.54474 0.04241
1403715903.384058 -0.20991 -2.34420 0.70884 0.84093 -0.04153 0.53865 0.03107
1403715903.484059 -0.21089 -2.27132 0.70462 0.84528 -0.02981 0.53325 0.01610
1403715903.584059 -0.19670 -2.20530 0.71570 0.84639 -0.01359 0.53239 0.00134
1403715903.684058 -0.17228 -2.13820 0.74304 0.84545 0.00704 0.53382 -0.01421
1403715903.784059 -0.13870 -2.07319 0.78384 0.83925 0.02867 0.54192 -0.03414
1403715903.884058 -0.09629 -2.00930 0.83457 0.83083 0.05036 0.55120 -0.05800
1403715903.984059 -0.04668 -1.94102 0.89469 0.81995 0.08196 0.56041 -0.08312
1403715904.084059 0.00341 -1.87808 0.95139 0.81061 0.11232 0.56398 -0.11055
1403715904.184058 0.05381 -1.82145 1.00478 0.80225 0.14666 0.56291 -0.13421
1403715904.284059 0.10328 -1.77057 1.05511 0.79296 0.18601 0.56022 -0.15092
1403715904.384058 0.15556 -1.71702 1.10053 0.77994 0.22274 0.56191 -0.16225
1403715904.484059 0.20826 -1.66432 1.13511 0.76616 0.25609 0.56182 -0.17823
1403715904.584059 0.25860 -1.61144 1.15742 0.75154 0.28823 0.56326 -0.18666
1403715904.684058 0.30351 -1.55819 1.16568 0.73603 0.31740 0.56385 -0.19897
1403715904.784059 0.33392 -1.50732 1.16120 0.72488 0.33981 0.55446 -0.22728
1403715904.884058 0.35824 -1.45588 1.14776 0.71385 0.36263 0.54102 -0.25731
1403715904.984059 0.36972 -1.40599 1.11335 0.69465 0.39081 0.52993 -0.28966
1403715905.084059 0.39426 -1.35239 1.07986 0.67172 0.41854 0.52321 -0.31602
1403715905.184058 0.40810 -1.31141 1.02723 0.64587 0.44437 0.51994 -0.33920
1403715905.284059 0.41525 -1.27806 0.97280 0.62629 0.47213 0.51153 -0.35098
1403715905.384058 0.41084 -1.25755 0.92129 0.61556 0.50014 0.49447 -0.35559
1403715905.484059 0.37697 -1.24340 0.86846 0.60308 0.52754 0.47576 -0.36285
1403715905.584059 0.35061 -1.23469 0.82023 0.59195 0.55079 0.45498 -0.37311
1403715905.684058 0.31588 -1.23130 0.77245 0.58366 0.56683 0.42602 -0.39567
1403715905.784059 0.27435 -1.23179 0.72933 0.56964 0.58541 0.39767 -0.41793
1403715905.884058 0.23204 -1.23386 0.68890 0.55116 0.60975 0.36944 -0.43353
1403715905.984059 0.19548 -1.22975 0.64093 0.52709 0.64386 0.33656 -0.44085
1403715906.084059 0.15947 -1.22003 0.59880 0.49534 0.67582 0.31215 -0.44774
1403715906.184058 0.12182 -1.20174 0.56309 0.45047 0.70221 0.30278 -0.46076
1403715906.284059 0.08542 -1.19087 0.53003 0.40299 0.72498 0.29128 -0.47661
1403715906.384058 0.03294 -1.17754 0.49409 0.36245 0.74489 0.27594 -0.48748
1403715906.484059 -0.01945 -1.15878 0.46212 -0.32088 -0.76114 -0.25318 0.50359
1403715906.584059 -0.07294 -1.13665 0.43698 -0.28361 -0.77267 -0.22908 0.51968
1403715906.684058 -0.13357 -1.12296 0.42753 -0.25347 -0.77976 -0.19527 0.53815
1403715906.784059 -0.19343 -1.11964 0.43547 -0.22205 -0.78792 -0.16013 0.55157
1403715906.884058 -0.24791 -1.12266 0.44527 -0.18841 -0.79438 -0.12822 0.56304
1403715906.984059 -0.30395 -1.12935 0.44584 -0.14606 -0.79899 -0.09725 0.57518
1403715907.084059 -0.36096 -1.12924 0.42946 -0.10004 -0.80537 -0.07513 0.57942
1403715907.184058 -0.40992 -1.13444 0.41862 -0.04890 -0.81063 -0.05489 0.58093
1403715907.284059 -0.45667 -1.14599 0.41765 -0.00012 -0.81343 -0.02540 0.58111
1403715907.384058 -0.49594 -1.16898 0.42787 0.04535 -0.81184 0.00266 0.58211
1403715907.484059 -0.53979 -1.19344 0.45130 0.09467 -0.80791 0.02902 0.58092
1403715907.584059 -0.56963 -1.22349 0.47692 0.13589 -0.80287 0.05345 0.57799
1403715907.684058 -0.60067 -1.25786 0.50186 0.16894 -0.79553 0.08078 0.57626
1403715907.784059 -0.62000 -1.29751 0.52493 0.19693 -0.78485 0.11112 0.57695
1403715907.884058 -0.62940 -1.34147 0.54198 0.22289 -0.77384 0.13876 0.57640
1403715907.984059 -0.64005 -1.38762 0.56070 0.24922 -0.76261 0.17390 0.57103
1403715908.084059 -0.63914 -1.43161 0.57634 0.27859 -0.75036 0.20540 0.56317
1403715908.184058 -0.63792 -1.47398 0.59157 0.31120 -0.73576 0.23490 0.55375
1403715908.284059 -0.62660 -1.51099 0.60006 0.34681 -0.71966 0.26320 0.54086
1403715908.384058 -0.61142 -1.54855 0.60895 0.38085 -0.70397 0.28752 0.52603
1403715908.484059 -0.59068 -1.57556 0.61967 0.41838 -0.68300 0.31579 0.50868
1403715908.584059 -0.56752 -1.59644 0.62912 -0.45521 0.65911 -0.34127 -0.49181
1403715908.684058 -0.53904 -1.61098 0.63861 -0.49160 0.63044 -0.36439 -0.47760
1403715908.784059 -0.50872 -1.61844 0.64499 -0.52246 0.60145 -0.38973 -0.46196
1403715908.884058 -0.47234 -1.62182 0.64761 -0.54959 0.57619 -0.41099 -0.44389
1403715908.984059 -0.43795 -1.61323 0.64878 0.58295 -0.55113 0.42606 0.41821
1403715909.084059 -0.40276 -1.60180 0.64809 0.61419 -0.52519 0.43527 0.39685
1403715909.184058 -0.36425 -1.58722 0.64459 0.64107 -0.49928 0.44490 0.37658
1403715909.284059 -0.32353 -1.56856 0.63876 0.66266 -0.47487 0.45692 0.35581
1403715909.384058 -0.27229 -1.55126 0.62944 0.68058 -0.45065 0.46654 0.34068
1403715909.484059 -0.22466 -1.52892 0.61696 0.69944 -0.42026 0.47722 0.32623
1403715909.584059 -0.17172 -1.50477 0.60071 0.71869 -0.38751 0.48474 0.31360
1403715909.684058 -0.11255 -1.47559 0.58175 0.73448 -0.35439 0.49869 0.29368
1403715909.784059 -0.04617 -1.43940 0.56066 0.74970 -0.32102 0.51386 0.26615
1403715909.884058 0.02505 -1.40153 0.53776 0.76142 -0.28555 0.53207 0.23578
1403715909.984059 0.10254 -1.34980 0.51530 0.76863 -0.24171 0.55914 0.19532
1403715910.084059 0.17474 -1.29241 0.49323 0.77689 -0.19356 0.57815 0.15722
1403715910.184058 0.24229 -1.23177 0.46687 0.78834 -0.14492 0.58593 0.11920
1403715910.284059 0.30207 -1.16801 0.44090 0.79772 -0.09821 0.58879 0.08559
1403715910.384058 0.34912 -1.10379 0.41861 0.80034 -0.05796 0.59398 0.05728
1403715910.484059 0.38571 -1.03452 0.39519 0.79608 -0.01690 0.60424 0.02929
1403715910.584059 0.41359 -0.96488 0.37493 0.79126 0.01899 0.61117 0.00456
1403715910.684058 0.43382 -0.89311 0.35730 0.78944 0.05094 0.61137 -0.02034
1403715910.784059 0.44511 -0.82037 0.34267 0.78804 0.08057 0.60863 -0.04545
1403715910.884058 0.45182 -0.74622 0.32778 0.78474 0.10780 0.60657 -0.06813
1403715910.984059 0.43087 -0.68164 0.31681 0.78122 0.13837 0.60112 -0.09593
1403715911.084059 0.40585 -0.62036 0.30865 0.77342 0.16610 0.59924 -0.12305
1403715911.184058 0.37893 -0.55380 0.29845 0.76245 0.19304 0.59925 -0.14932
1403715911.284059 0.34322 -0.49139 0.28882 0.75312 0.22245 0.59421 -0.17388
1403715911.384058 0.30502 -0.43024 0.27285 0.74704 0.24973 0.58379 -0.19687
1403715911.484059 0.25114 -0.38165 0.26073 0.74205 0.27926 0.56795 -0.22092
1403715911.584059 0.19227 -0.34189 0.24745 0.74024 0.30686 0.54840 -0.23902
1403715911.684058 0.13058 -0.30397 0.23530 0.73561 0.33736 0.53149 -0.25018
1403715911.784059 0.06532 -0.26928 0.23335 0.72494 0.36865 0.52175 -0.25755
1403715911.884058 -0.00157 -0.23179 0.23995 0.71366 0.39277 0.51421 -0.26833
1403715911.984059 -0.07538 -0.20108 0.26438 0.70168 0.41412 0.50587 -0.28328
1403715912.084059 -0.14650 -0.17311 0.29793 0.69290 0.42950 0.49657 -0.29805
1403715912.184058 -0.21475 -0.14478 0.33085 0.68510 0.44153 0.48734 -0.31335
1403715912.284059 -0.28371 -0.11824 0.36196 0.67644 0.45322 0.47910 -0.32785
1403715912.384058 -0.35458 -0.08934 0.38863 0.66771 0.46519 0.47230 -0.33865
1403715912.484059 -0.42608 -0.06617 0.41676 0.65706 0.48089 0.46272 -0.35058
1403715912.584059 -0.49692 -0.04453 0.44175 0.64548 0.49717 0.45211 -0.36299
1403715912.684058 -0.56919 -0.02533 0.46807 0.63049 0.51619 0.44077 -0.37650
1403715912.784059 -0.64309 -0.00844 0.49340 0.61135 0.53746 0.42706 -0.39372
1403715912.884058 -0.71554 0.00942 0.51470 0.58893 0.56127 0.41223 -0.41012
1403715912.984059 -0.78943 0.02043 0.52370 0.56087 0.58931 0.39278 -0.42878
1403715913.084059 -0.85836 0.02897 0.51773 0.53352 0.61356 0.37315 -0.44683
1403715913.184058 -0.92971 0.03692 0.50430 0.50406 0.63617 0.35528 -0.46367
1403715913.284059 -1.00266 0.04414 0.49197 0.47178 0.65411 0.34361 -0.48114
1403715913.384058 -1.07456 0.04979 0.48075 0.44063 0.66983 0.34166 -0.49035
1403715913.484059 -1.14138 0.04889 0.46892 0.41266 0.68089 0.34348 -0.49812
1403715913.584059 -1.20589 0.03388 0.45887 0.38867 0.68874 0.35480 -0.49869
1403715913.684058 -1.27274 0.00871 0.44761 0.37116 0.69330 0.36730 -0.49666
1403715913.784059 -1.34669 -0.03010 0.43736 0.36923 0.69670 0.36616 -0.49418
1403715913.884058 -1.42786 -0.07945 0.42813 0.37813 0.70129 0.35645 -0.48801
1403715913.984059 -1.52067 -0.14566 0.42373 0.38916 0.70311 0.34595 -0.48426
1403715914.084059 -1.61223 -0.22018 0.42421 0.39481 0.70345 0.34462 -0.48013
1403715914.184058 -1.70834 -0.29934 0.42736 0.40163 0.70096 0.34442 -0.47825
1403715914.284059 -1.81245 -0.38643 0.43137 0.42431 0.69666 0.33096 -0.47444
1403715914.384058 -1.91479 -0.46794 0.43309 0.44959 0.69390 0.31946 -0.46295
1403715914.484059 -2.02947 -0.55550 0.43954 0.47357 0.69073 0.31454 -0.44688
1403715914.584059 -2.13971 -0.63350 0.44891 0.49430 0.68430 0.31420 -0.43437
1403715914.684058 -2.25047 -0.70284 0.45916 0.52137 0.67189 0.30859 -0.42603
1403715914.784059 -2.36067 -0.76108 0.46713 0.55487 0.65270 0.29520 -0.42304
1403715914.884058 -2.46640 -0.80212 0.47367 0.58399 0.63406 0.27937 -0.42295
1403715914.984059 -2.56425 -0.82393 0.48225 0.60339 0.61975 0.27115 -0.42228
1403715915.084059 -2.64859 -0.82600 0.49219 0.61473 0.60905 0.26765 -0.42371
1403715915.184058 -2.71911 -0.80738 0.50357 0.61813 0.60274 0.27087 -0.42572
1403715915.284059 -2.77252 -0.76621 0.51635 0.60545 0.60177 0.29560 -0.42887
1403715915.384058 -2.79890 -0.71120 0.52524 0.58448 0.60775 0.32571 -0.42770
1403715915.484059 -2.83012 -0.64612 0.51739 0.56614 0.61412 0.34914 -0.42478
1403715915.584059 -2.85447 -0.57639 0.49183 0.55526 0.61681 0.36103 -0.42531
1403715915.684058 -2.87604 -0.50363 0.45919 0.54469 0.62200 0.37169 -0.42222
1403715915.784059 -2.90022 -0.42761 0.42500 0.54419 0.62650 0.36745 -0.41992
1403715915.884058 -2.92645 -0.35179 0.39101 0.54807 0.63077 0.35780 -0.41681
1403715915.984059 -2.95646 -0.26383 0.35861 0.54916 0.63305 0.35152 -0.41727
1403715916.084059 -2.98484 -0.17825 0.33014 0.54659 0.62933 0.35483 -0.42342
1403715916.184058 -3.01170 -0.08829 0.30200 0.54882 0.62198 0.36307 -0.42440
1403715916.284059 -3.03597 0.00340 0.27362 0.55748 0.60899 0.37460 -0.42193
1403715916.384058 -3.05523 0.09037 0.24830 0.57030 0.59301 0.38736 -0.41598
1403715916.484059 -3.07946 0.18957 0.21951 0.59044 0.57102 0.39879 -0.40778
1403715916.584059 -3.10141 0.28257 0.19314 0.61196 0.54981 0.40881 -0.39509
1403715916.684058 -3.11890 0.37638 0.16712 0.63507 0.52472 0.41585 -0.38526
1403715916.784059 -3.13112 0.46958 0.14283 0.65499 0.50061 0.41887 -0.38068
1403715916.884058 -3.13699 0.55650 0.12243 0.67107 0.47918 0.41898 -0.38014
1403715916.984059 -3.13277 0.65344 0.10529 0.68225 0.45817 0.42181 -0.38301
1403715917.084059 -3.11358 0.73854 0.09471 0.68470 0.44411 0.43207 -0.38375
1403715917.184058 -3.07948 0.82101 0.09004 0.67162 0.43576 0.46704 -0.37538
1403715917.284059 -3.03978 0.89488 0.08544 0.66022 0.43126 0.50166 -0.35561
1403715917.384058 -3.00610 0.94946 0.08356 0.65768 0.42334 0.52056 -0.34243
1403715917.484059 -2.97636 1.00314 0.07994 0.66587 0.41620 0.52085 -0.33483
1403715917.584059 -2.95688 1.04420 0.07410 0.68164 0.41146 0.50600 -0.33172
1403715917.684058 -2.93901 1.07839 0.06203 0.69019 0.40403 0.49678 -0.33705
1403715917.784059 -2.92239 1.09772 0.04733 0.68636 0.39599 0.50164 -0.34707
1403715917.884058 -2.90360 1.10812 0.03346 0.67789 0.39343 0.51079 -0.35323
1403715917.984059 -2.88178 1.10648 0.02166 0.66928 0.39667 0.51990 -0.35273
1403715918.084059 -2.85867 1.09540 0.01326 0.66508 0.40337 0.52769 -0.34132
1403715918.184058 -2.84086 1.06987 0.00504 0.66705 0.40602 0.53434 -0.32353
1403715918.284059 -2.82712 1.03451 -0.00253 0.67404 0.39380 0.53767 -0.31858
1403715918.384058 -2.82014 0.99099 -0.02003 0.69234 0.37654 0.52696 -0.31812
1403715918.484059 -2.81321 0.93614 -0.05349 0.71618 0.35822 0.50977 -0.31448
1403715918.584059 -2.80498 0.87456 -0.09554 0.73269 0.34267 0.50085 -0.30804
1403715918.684058 -2.79064 0.80828 -0.13960 0.74112 0.33530 0.50062 -0.29614
1403715918.784059 -2.77094 0.73820 -0.17328 0.74419 0.33919 0.50491 -0.27603
1403715918.884058 -2.74865 0.66985 -0.19506 0.74851 0.34991 0.50296 -0.25362
1403715918.984059 -2.72358 0.59647 -0.20699 0.75672 0.35971 0.49231 -0.23581
1403715919.084059 -2.69456 0.53637 -0.20196 0.76311 0.36794 0.48232 -0.22281
1403715919.184058 -2.65947 0.49244 -0.18524 0.75842 0.37956 0.48676 -0.20927
1403715919.284059 -2.62549 0.46221 -0.16780 0.74514 0.39087 0.50281 -0.19793
1403715919.384058 -2.59838 0.44862 -0.15209 0.73346 0.39552 0.51700 -0.19572
1403715919.484059 -2.57586 0.44261 -0.15121 0.73307 0.38556 0.51863 -0.21209
1403715919.584059 -2.55864 0.44620 -0.16429 0.73378 0.37598 0.51896 -0.22558
1403715919.684058 -2.54346 0.45478 -0.19024 0.73442 0.37077 0.51910 -0.23171
1403715919.784059 -2.53089 0.46785 -0.22795 0.73280 0.37170 0.52205 -0.22871
1403715919.884058 -2.52416 0.48556 -0.26961 0.73141 0.37356 0.52416 -0.22527
1403715919.984059 -2.51943 0.50818 -0.31351 0.73596 0.37530 0.51706 -0.22398
1403715920.084059 -2.51955 0.53804 -0.34266 0.74093 0.37645 0.50907 -0.22395
1403715920.184058 -2.52197 0.57422 -0.35612 0.74512 0.37641 0.50199 -0.22609
1403715920.284059 -2.52450 0.62033 -0.35422 0.74542 0.37379 0.49908 -0.23569
1403715920.384058 -2.52768 0.67154 -0.33770 0.74142 0.37182 0.50057 -0.24797
1403715920.484059 -2.52734 0.72934 -0.31690 0.73482 0.36814 0.50546 -0.26272
1403715920.584059 -2.52572 0.78363 -0.29703 0.72747 0.36431 0.51222 -0.27512
1403715920.684058 -2.52413 0.83409 -0.27763 0.72050 0.36098 0.51856 -0.28579
1403715920.784059 -2.52461 0.87782 -0.25019 0.71207 0.36210 0.52415 -0.29513
1403715920.884058 -2.52788 0.91742 -0.21466 0.70667 0.36980 0.52298 -0.30058
1403715920.984059 -2.53313 0.94772 -0.16656 0.70763 0.38174 0.50821 -0.30864
1403715921.084059 -2.53678 0.97005 -0.11227 0.70899 0.39713 0.49125 -0.31353
1403715921.184058 -2.53728 0.98793 -0.05526 0.70579 0.41168 0.48202 -0.31628
1403715921.284059 -2.53443 1.00309 0.00106 0.70106 0.42359 0.47876 -0.31601
1403715921.384058 -2.52913 1.01757 0.05366 0.69745 0.43500 0.47730 -0.31070
1403715921.484059 -2.52215 1.03290 0.11173 0.69475 0.44393 0.47669 -0.30498
1403715921.584059 -2.51458 1.05112 0.17093 0.69323 0.44720 0.47696 -0.30325
1403715921.684058 -2.50772 1.07317 0.24198 0.69308 0.44722 0.47732 -0.30298
1403715921.784059 -2.50149 1.09652 0.31783 0.69487 0.44274 0.47580 -0.30780
1403715921.884058 -2.49547 1.12224 0.38792 0.69705 0.43795 0.47401 -0.31246
1403715921.984059 -2.48917 1.14992 0.45275 0.69794 0.43343 0.47499 -0.31528
1403715922.084059 -2.48103 1.17679 0.51034 0.69678 0.43192 0.47893 -0.31396
1403715922.184058 -2.47163 1.20329 0.57451 0.69384 0.42737 0.48490 -0.31752
1403715922.284059 -2.45954 1.22926 0.64955 0.68984 0.42330 0.49155 -0.32142
1403715922.384058 -2.44823 1.24989 0.72946 0.68605 0.42379 0.49699 -0.32052
1403715922.484059 -2.43768 1.26825 0.81546 0.68360 0.42693 0.49965 -0.31744
1403715922.584059 -2.43037 1.28285 0.89431 0.68397 0.42506 0.49836 -0.32116
1403715922.684058 -2.42298 1.28778 0.96651 0.68330 0.42283 0.49805 -0.32599
1403715922.784059 -2.41729 1.29133 1.02403 0.68232 0.42555 0.49870 -0.32348
1403715922.884058 -2.41457 1.29518 1.06723 0.68131 0.43004 0.49994 -0.31771
1403715922.984059 -2.41425 1.29618 1.10071 0.68068 0.43327 0.50086 -0.31321
1403715923.084059 -2.41512 1.29380 1.12802 0.68048 0.43551 0.50100 -0.31027
1403715923.184058 -2.42298 1.28601 1.15838 0.68279 0.43835 0.49750 -0.30681
1403715923.284059 -2.43603 1.27752 1.19983 0.68759 0.44066 0.49072 -0.30369
1403715923.384058 -2.45182 1.26846 1.24659 0.69315 0.43754 0.48249 -0.30873
1403715923.484059 -2.46776 1.26039 1.29262 0.69874 0.43085 0.47369 -0.31898
1403715923.584059 -2.47985 1.25221 1.32401 0.70244 0.42317 0.46751 -0.33006
1403715923.684058 -2.48867 1.24279 1.33272 0.70398 0.41715 0.46453 -0.33855
1403715923.784059 -2.49146 1.23129 1.31674 0.70303 0.41299 0.46495 -0.34497
1403715923.884058 -2.48753 1.21906 1.28924 0.69743 0.41125 0.47247 -0.34819
1403715923.984059 -2.47595 1.20210 1.24611 0.68883 0.40982 0.48410 -0.35101
1403715924.084059 -2.46201 1.17884 1.19405 0.68234 0.41209 0.49357 -0.34783
1403715924.184058 -2.44712 1.14526 1.13669 0.67861 0.41681 0.49884 -0.34194
1403715924.284059 -2.42879 1.10586 1.07824 0.67897 0.42183 0.49849 -0.33551
1403715924.384058 -2.41129 1.06245 1.02384 0.68131 0.42721 0.49557 -0.32821
1403715924.484059 -2.39502 1.01106 0.96610 0.68798 0.43164 0.48661 -0.32184
1403715924.584059 -2.37851 0.96080 0.91267 0.69455 0.43432 0.47838 -0.31641
1403715924.684058 -2.36030 0.91097 0.85949 0.70274 0.42727 0.47097 -0.31904
1403715924.784059 -2.33761 0.86013 0.80737 0.71078 0.41258 0.47127 -0.32011
1403715924.884058 -2.30753 0.80998 0.75907 0.71834 0.39512 0.47742 -0.31614
1403715924.984059 -2.26981 0.75093 0.70605 0.72476 0.37210 0.49271 -0.30579
1403715925.084059 -2.22934 0.69128 0.66218 0.72583 0.34843 0.51680 -0.29101
1403715925.184058 -2.19045 0.62368 0.63071 0.72800 0.32546 0.53830 -0.27262
1403715925.284059 -2.15493 0.54841 0.61265 0.73774 0.30013 0.54757 -0.25659
1403715925.384058 -2.12081 0.47075 0.60434 0.75291 0.27457 0.54657 -0.24291
1403715925.484059 -2.08900 0.38055 0.60250 0.77203 0.24638 0.54042 -0.22628
1403715925.584059 -2.05727 0.29000 0.60073 0.78671 0.22030 0.53779 -0.20817
1403715925.684058 -2.02132 0.19324 0.59978 0.79588 0.19386 0.54133 -0.18960
1403715925.784059 -1.98277 0.09285 0.59835 0.80233 0.16664 0.54727 -0.17026
1403715925.884058 -1.93965 -0.00988 0.59485 0.80586 0.14025 0.55478 -0.15212
1403715925.984059 -1.89528 -0.12392 0.59280 0.80813 0.11254 0.56418 -0.12636
1403715926.084059 -1.85299 -0.23841 0.58719 0.80663 0.08044 0.57574 -0.10676
1403715926.184058 -1.81468 -0.35635 0.56979 0.80226 0.04475 0.58887 -0.08719
1403715926.284059 -1.78585 -0.47815 0.53846 0.79831 0.00924 0.59862 -0.06528
1403715926.384058 -1.75630 -0.60119 0.49948 0.79395 -0.02070 0.60630 -0.04029
1403715926.484059 -1.73832 -0.74386 0.45515 0.78518 -0.04881 0.61731 -0.00629
1403715926.584059 -1.73192 -0.88069 0.41212 0.78173 -0.07511 0.61859 0.02449
1403715926.684058 -1.74042 -1.01656 0.36714 0.78592 -0.10322 0.60757 0.05046
1403715926.784059 -1.75777 -1.14957 0.32498 0.79152 -0.12815 0.59251 0.07753
1403715926.884058 -1.77765 -1.27409 0.28907 0.79687 -0.14719 0.57692 0.10245
1403715926.984059 -1.80639 -1.40168 0.26829 0.79875 -0.16820 0.56415 0.12427
1403715927.084059 -1.82731 -1.51641 0.25974 0.79362 -0.18643 0.56139 0.14231
1403715927.184058 -1.84565 -1.63301 0.25029 0.78549 -0.19775 0.56210 0.16716
1403715927.284059 -1.86477 -1.73831 0.24022 0.77687 -0.20379 0.56176 0.19843
1403715927.384058 -1.88123 -1.84601 0.23067 0.76583 -0.20869 0.56600 0.22270
1403715927.484059 -1.90278 -1.91659 0.22632 0.74761 -0.22469 0.57672 0.24081
1403715927.584059 -1.92237 -1.97676 0.21921 0.72809 -0.24996 0.58959 0.24451
1403715927.684058 -1.94843 -2.02463 0.20857 0.70982 -0.27824 0.59670 0.25038
1403715927.784059 -1.98666 -2.05310 0.19889 0.69823 -0.30532 0.58903 0.26889
1403715927.884058 -2.03568 -2.07807 0.18600 0.69018 -0.33043 0.57352 0.29247
1403715927.984059 -2.09594 -2.07547 0.17126 0.68182 -0.36054 0.54889 0.32227
1403715928.084059 -2.15428 -2.05530 0.14858 0.66903 -0.39598 0.52673 0.34374
1403715928.184058 -2.21635 -2.02286 0.11462 0.65216 -0.43836 0.50455 0.35772
1403715928.284059 -2.27844 -1.98231 0.07081 0.62570 -0.47625 0.49026 0.37594
1403715928.384058 -2.34438 -1.93691 0.02369 0.59463 -0.50428 0.48188 0.39990
1403715928.484059 -2.40918 -1.86610 -0.03101 0.56405 -0.53479 0.46942 0.41893
1403715928.584059 -2.47102 -1.78592 -0.08626 -0.54636 0.56626 -0.44878 -0.42360
1403715928.684058 -2.52745 -1.69423 -0.13459 -0.53675 0.58794 -0.42869 -0.42714
1403715928.784059 -2.59163 -1.60059 -0.16785 -0.54356 0.60799 -0.40146 -0.41680
1403715928.884058 -2.65214 -1.50992 -0.18369 -0.55961 0.62274 -0.37766 -0.39548
1403715928.984059 -2.71583 -1.42712 -0.16426 -0.58317 0.62641 -0.36255 -0.36889
1403715929.084059 -2.77674 -1.36894 -0.12088 -0.60460 0.62357 -0.35559 -0.34523
1403715929.184058 -2.83352 -1.34161 -0.06282 0.62477 -0.61649 0.34905 0.32826
1403715929.284059 -2.89058 -1.32831 -0.01170 0.64322 -0.60073 0.34300 0.32825
1403715929.384058 -2.94296 -1.33616 0.03307 0.65732 -0.56786 0.34267 0.35784
1403715929.484059 -2.99092 -1.35769 0.07292 0.66653 -0.52418 0.34305 0.40409
1403715929.584059 -3.01701 -1.38323 0.10906 0.67018 -0.48809 0.34025 0.44368
1403715929.684058 -3.01315 -1.40867 0.14383 0.66761 -0.47774 0.34009 0.45869
1403715929.784059 -2.97866 -1.43191 0.17577 0.65341 -0.50163 0.35929 0.43856
1403715929.884058 -2.92105 -1.45551 0.20010 0.63132 -0.52338 0.38988 0.41892
1403715929.984059 -2.85331 -1.48047 0.21757 0.60256 -0.54470 0.42732 0.39700
1403715930.084059 -2.78599 -1.50460 0.22308 0.57955 -0.56016 0.45440 0.37930
1403715930.184058 -2.72652 -1.52363 0.22566 -0.56079 0.57195 -0.47453 -0.36497
1403715930.284059 -2.67922 -1.53624 0.23007 -0.54792 0.58125 -0.48604 -0.35453
1403715930.384058 -2.64809 -1.54511 0.22879 -0.54891 0.58580 -0.48055 -0.35300
1403715930.484059 -2.63206 -1.55061 0.22460 -0.56265 0.58945 -0.45948 -0.35334
1403715930.584059 -2.62652 -1.55436 0.20886 -0.57442 0.59420 -0.44007 -0.35116
1403715930.684058 -2.62998 -1.56048 0.19235 -0.58220 0.60061 -0.42553 -0.34531
1403715930.784059 -2.64326 -1.57575 0.18884 -0.58381 0.60525 -0.41946 -0.34190
1403715930.884058 -2.66857 -1.59908 0.19984 -0.59183 0.60213 -0.40684 -0.34879
1403715930.984059 -2.69699 -1.63278 0.22627 0.60256 -0.59518 0.39079 0.36050
1403715931.084059 -2.72377 -1.67330 0.24776 0.61046 -0.59690 0.37575 0.36037
1403715931.184058 -2.75114 -1.72692 0.26126 0.61547 -0.60026 0.36637 0.35589
1403715931.284059 -2.77621 -1.79615 0.28251 0.61589 -0.60150 0.36426 0.35525
1403715931.384058 -2.79855 -1.87681 0.31701 0.61179 -0.60164 0.37039 0.35575
1403715931.484059 -2.82246 -1.98403 0.36167 0.60915 -0.59845 0.37654 0.35918
1403715931.584059 -2.84371 -2.09710 0.39434 0.60867 -0.59329 0.38071 0.36413
1403715931.684058 -2.86276 -2.21804 0.41244 0.61051 -0.58635 0.38304 0.36980
1403715931.784059 -2.87972 -2.34548 0.41907 0.61294 -0.57956 0.38507 0.37435
1403715931.884058 -2.89326 -2.47228 0.42499 0.61006 -0.57257 0.39446 0.37998
1403715931.984059 -2.90498 -2.61695 0.43233 0.60402 -0.56179 0.40875 0.39049
1403715932.084059 -2.91169 -2.75171 0.44201 0.59482 -0.55080 0.42587 0.40181
1403715932.184058 -2.91556 -2.88092 0.45698 0.58196 -0.53450 0.44529 0.42113
1403715932.284059 -2.91515 -2.99803 0.47875 0.56506 -0.51509 0.46719 0.44398
1403715932.384058 -2.91211 -3.09433 0.50407 0.54925 -0.49967 0.48590 0.46104
1403715932.484059 -2.90473 -3.16948 0.52805 0.53632 -0.48852 0.50040 0.47256
1403715932.584059 -2.89611 -3.20832 0.55364 0.52373 -0.47802 0.51397 0.48274
1403715932.684058 -2.88612 -3.20728 0.58200 0.51160 -0.46895 0.52692 0.49062
1403715932.784059 -2.87669 -3.16434 0.61150 0.50440 -0.46267 0.53314 0.49727
1403715932.884058 -2.86911 -3.08293 0.63491 0.51170 -0.47062 0.52289 0.49323
1403715932.984059 -2.86025 -2.95871 0.66350 0.53793 -0.50114 0.49045 0.46792
1403715933.084059 -2.85017 -2.81528 0.69129 0.56392 -0.53130 0.45505 0.43892
1403715933.184058 -2.83931 -2.65999 0.71997 0.58721 -0.55872 0.41993 0.40826
1403715933.284059 -2.82755 -2.50291 0.74656 0.60726 -0.58203 0.38691 0.37786
1403715933.384058 -2.81435 -2.35912 0.76801 0.62110 -0.60542 0.36006 0.34360
1403715933.484059 -2.79732 -2.22501 0.79222 -0.63049 0.63330 -0.33209 -0.30188
1403715933.584059 -2.77895 -2.13093 0.81544 -0.63547 0.65421 -0.30725 -0.27165
1403715933.684058 -2.77109 -2.08025 0.84993 -0.64206 0.66393 -0.28629 -0.25495
1403715933.784059 -2.76802 -2.07608 0.89047 -0.64774 0.66465 -0.27236 -0.25396
1403715933.884058 -2.77207 -2.12887 0.94113 -0.64807 0.65796 -0.27515 -0.26719
1403715933.984059 -2.77184 -2.23493 1.01212 -0.63022 0.63996 -0.31120 -0.31053
1403715934.084059 -2.77398 -2.37090 1.08791 -0.60131 0.61016 -0.36285 -0.36671
1403715934.184058 -2.77476 -2.51430 1.15459 -0.56407 0.57411 -0.41667 -0.42261
1403715934.284059 -2.77389 -2.64967 1.19819 -0.53283 0.54177 -0.45452 -0.46475
1403715934.384058 -2.77032 -2.76219 1.22437 -0.50915 0.51825 -0.48103 -0.49071
1403715934.484059 -2.76800 -2.85416 1.24059 0.48775 -0.49474 0.50397 0.51317
1403715934.584059 -2.76512 -2.90376 1.24721 0.47132 -0.47624 0.52230 0.52749
1403715934.684058 -2.75438 -2.90610 1.24588 0.46076 -0.46353 0.53571 0.53466
1403715934.784059 -2.74763 -2.86234 1.25569 0.45657 -0.46010 0.54545 0.53135
1403715934.884058 -2.73711 -2.77173 1.26193 0.47379 -0.47590 0.53358 0.51414
1403715934.984059 -2.73043 -2.62026 1.27827 -0.50927 0.51194 -0.50028 -0.47779
1403715935.084059 -2.72498 -2.44364 1.28694 -0.54290 0.54825 -0.46141 -0.43793
1403715935.184058 -2.72102 -2.25185 1.28553 -0.57118 0.57892 -0.42152 -0.40116
1403715935.284059 -2.71752 -2.05576 1.27460 -0.59174 0.60097 -0.38791 -0.37174
1403715935.384058 -2.71053 -1.87718 1.24619 -0.60610 0.61569 -0.36124 -0.35083
1403715935.484059 -2.71263 -1.69827 1.21029 -0.61922 0.62484 -0.33998 -0.33250
1403715935.584059 -2.71191 -1.55331 1.16842 -0.62819 0.62910 -0.32583 -0.32162
1403715935.684058 -2.71007 -1.43838 1.12328 -0.63426 0.63457 -0.31409 -0.31045
1403715935.784059 -2.70578 -1.36326 1.07975 -0.64021 0.64037 -0.30109 -0.29900
1403715935.884058 -2.69878 -1.33387 1.04368 -0.64403 0.64463 -0.29049 -0.29204
1403715935.984059 -2.68430 -1.35434 1.01825 -0.63891 0.64521 -0.29304 -0.29939
1403715936.084059 -2.67875 -1.41002 1.00532 -0.62324 0.63049 -0.32271 -0.33153
1403715936.184058 -2.67032 -1.48732 1.00012 -0.60044 0.60621 -0.36131 -0.37607
1403715936.284059 -2.66060 -1.57895 0.99597 -0.57370 0.57954 -0.39942 -0.41889
1403715936.384058 -2.64974 -1.66529 0.98983 -0.54910 0.56185 -0.42931 -0.44554
1403715936.484059 -2.63594 -1.74708 0.97549 -0.53202 0.55161 -0.44761 -0.46079
1403715936.584059 -2.62113 -1.80365 0.96046 -0.51940 0.54762 -0.46099 -0.46672
1403715936.684058 -2.60390 -1.83597 0.94445 -0.50903 0.54649 -0.47234 -0.46812
1403715936.784059 -2.58808 -1.84389 0.93131 -0.51271 0.55118 -0.46676 -0.46418
1403715936.884058 -2.57500 -1.82843 0.91482 -0.52374 0.55848 -0.45186 -0.45784
1403715936.984059 -2.55999 -1.79813 0.89867 -0.53273 0.56582 -0.44144 -0.44854
1403715937.084059 -2.54550 -1.75798 0.88162 -0.54517 0.56898 -0.43459 -0.43610
1403715937.184058 -2.53235 -1.71026 0.86431 -0.56215 0.56996 -0.42999 -0.41742
1403715937.284059 -2.51815 -1.65756 0.84248 0.57961 -0.56392 0.43075 0.40063
1403715937.384058 -2.50014 -1.60268 0.81254 0.59633 -0.55061 0.43568 0.38910
1403715937.484059 -2.48322 -1.54509 0.76926 0.61412 -0.53619 0.44157 0.37467
1403715937.584059 -2.46924 -1.49029 0.71296 0.63620 -0.53298 0.43381 0.35069
1403715937.684058 -2.45548 -1.44056 0.65423 0.65885 -0.52850 0.42376 0.32715
1403715937.784059 -2.43844 -1.40026 0.59798 0.67587 -0.52083 0.41969 0.30952
1403715937.884058 -2.41584 -1.37043 0.54553 0.68882 -0.51112 0.41984 0.29668
1403715937.984059 -2.39244 -1.35551 0.49413 0.70378 -0.49634 0.42108 0.28466
1403715938.084059 -2.36354 -1.35897 0.44959 0.71723 -0.48179 0.42407 0.27133
1403715938.184058 -2.32826 -1.38140 0.41568 0.73159 -0.46461 0.42683 0.25831
1403715938.284059 -2.28442 -1.42092 0.39720 0.74187 -0.43941 0.43832 0.25382
1403715938.384058 -2.23269 -1.47682 0.40272 0.74693 -0.40497 0.45758 0.26214
1403715938.484059 -2.16916 -1.54237 0.41145 0.74807 -0.37304 0.48281 0.26100
1403715938.584059 -2.10507 -1.60746 0.41934 0.74916 -0.35062 0.50240 0.25184
1403715938.684058 -2.03940 -1.67330 0.42406 0.75324 -0.33768 0.51042 0.24097
1403715938.784059 -1.97213 -1.73907 0.42581 0.76506 -0.33420 0.50103 0.22795
1403715938.884058 -1.90186 -1.80630 0.42309 0.77884 -0.33611 0.48420 0.21446
1403715938.984059 -1.81827 -1.88664 0.41961 0.79098 -0.33831 0.46812 0.20189
1403715939.084059 -1.72784 -1.97388 0.41352 0.79878 -0.33888 0.45768 0.19402
1403715939.184058 -1.62502 -2.07318 0.41189 0.79401 -0.33322 0.46868 0.19713
1403715939.284059 -1.51151 -2.18097 0.41597 0.77353 -0.32080 0.50400 0.21148
1403715939.384058 -1.39599 -2.28987 0.42347 0.74984 -0.30951 0.53946 0.22566
1403715939.484059 -1.27906 -2.39707 0.42611 0.72491 -0.29837 0.57265 0.23990
1403715939.584059 -1.17423 -2.48959 0.42671 0.70402 -0.28949 0.59717 0.25287
1403715939.684058 -1.08432 -2.56386 0.43314 0.67632 -0.27889 0.62700 0.26773
1403715939.784059 -1.01625 -2.61072 0.44749 0.65341 -0.27182 0.64898 0.27928
1403715939.884058 -0.97472 -2.62886 0.47284 0.63997 -0.26805 0.66025 0.28750
1403715939.984059 -0.96058 -2.60969 0.50700 0.64123 -0.27057 0.65694 0.28992
1403715940.084059 -0.97069 -2.56249 0.54457 0.67089 -0.28485 0.62466 0.28029
1403715940.184058 -1.00131 -2.49087 0.58627 0.70709 -0.30250 0.58215 0.26387
1403715940.284059 -1.03955 -2.40312 0.62772 0.73940 -0.31855 0.53985 0.24572
1403715940.384058 -1.07982 -2.31104 0.65957 0.76660 -0.33263 0.50053 0.22618
1403715940.484059 -1.11545 -2.21814 0.69991 0.79299 -0.34742 0.45671 0.20465
1403715940.584059 -1.13605 -2.14733 0.73773 0.81438 -0.36356 0.41545 0.17894
1403715940.684058 -1.13591 -2.09754 0.77396 0.83133 -0.38056 0.37553 0.15177
1403715940.784059 -1.11203 -2.08194 0.81494 0.84352 -0.38558 0.34722 0.13869
1403715940.884058 -1.08487 -2.11722 0.86115 0.85726 -0.35769 0.34591 0.13232
1403715940.984059 -0.98354 -2.17605 0.92040 0.84115 -0.34690 0.38510 0.15435
1403715941.084059 -0.85785 -2.26385 0.98475 0.80607 -0.33084 0.45348 0.18749
1403715941.184058 -0.72028 -2.36223 1.05170 0.75544 -0.31087 0.53250 0.22159
1403715941.284059 -0.58828 -2.45521 1.11128 0.70970 -0.29540 0.59171 0.24278
1403715941.384058 -0.47585 -2.53481 1.16158 0.67851 -0.28607 0.62774 0.25245
1403715941.484059 -0.36980 -2.60173 1.20279 0.65473 -0.28037 0.65349 0.25625
1403715941.584059 -0.28976 -2.64878 1.21755 0.64046 -0.27731 0.66855 0.25679
1403715941.684058 -0.23589 -2.67627 1.21151 0.62225 -0.27404 0.68707 0.25622
1403715941.784059 -0.21482 -2.67578 1.20343 0.60171 -0.26900 0.70700 0.25638
1403715941.884058 -0.23342 -2.64492 1.18936 0.58976 -0.26469 0.71801 0.25804
1403715941.984059 -0.29536 -2.58310 1.16419 0.60454 -0.26651 0.70424 0.25992
1403715942.084059 -0.38689 -2.49618 1.12684 0.64691 -0.27833 0.66317 0.25345
1403715942.184058 -0.51176 -2.38787 1.08175 0.69531 -0.29420 0.61120 0.23753
1403715942.284059 -0.64456 -2.26822 1.01639 0.74008 -0.31140 0.55525 0.21681
1403715942.384058 -0.77501 -2.15369 0.93019 0.77345 -0.32548 0.50703 0.19688
1403715942.484059 -0.90801 -2.03027 0.82244 0.79562 -0.33956 0.46907 0.17796
1403715942.584059 -1.02109 -1.92745 0.71520 0.81250 -0.34845 0.43768 0.16389
1403715942.684058 -1.11970 -1.84660 0.61026 0.82754 -0.35070 0.40979 0.15572
1403715942.784059 -1.19096 -1.79234 0.51071 0.83528 -0.34930 0.39609 0.15296
1403715942.884058 -1.22785 -1.77226 0.41975 0.83716 -0.34659 0.39400 0.15430
1403715942.984059 -1.23608 -1.77898 0.33227 0.83614 -0.34236 0.39831 0.15814
1403715943.084059 -1.21291 -1.80835 0.26248 0.83384 -0.33403 0.40498 0.17067
1403715943.184058 -1.16895 -1.86758 0.20965 0.82442 -0.32226 0.42765 0.18331
1403715943.284059 -1.09640 -1.94307 0.17869 0.79676 -0.31171 0.47846 0.19771
1403715943.384058 -1.01053 -2.02401 0.17638 0.76286 -0.29463 0.53498 0.21221
1403715943.484059 -0.92477 -2.10480 0.15961 0.72846 -0.27335 0.58713 0.22338
1403715943.584059 -0.85186 -2.17006 0.14534 0.70968 -0.26107 0.61301 0.22895
1403715943.684058 -0.79313 -2.22179 0.12835 0.69434 -0.25577 0.63116 0.23264
1403715943.784059 -0.75592 -2.25448 0.11895 0.67688 -0.25428 0.64897 0.23666
1403715943.884058 -0.74656 -2.26463 0.12468 0.66208 -0.25390 0.66199 0.24279
1403715943.984059 -0.76717 -2.24600 0.14225 0.65733 -0.25626 0.66428 0.24694
1403715944.084059 -0.82157 -2.19819 0.16800 0.68666 -0.27232 0.63405 0.22876
1403715944.184058 -0.89176 -2.13334 0.19672 0.73091 -0.28773 0.58553 0.20035
1403715944.284059 -0.97085 -2.06175 0.22072 0.77752 -0.29649 0.52880 0.16714
1403715944.384058 -1.04405 -1.99768 0.23691 0.81052 -0.29030 0.48783 0.14424
1403715944.484059 -1.11412 -1.93953 0.24849 0.83894 -0.27458 0.45393 0.12138
1403715944.584059 -1.16166 -1.90241 0.26353 0.85809 -0.25450 0.43469 0.09976
1403715944.684058 -1.18333 -1.88922 0.28274 0.87075 -0.23213 0.42625 0.07891
1403715944.784059 -1.17283 -1.90602 0.30975 0.88058 -0.20334 0.42356 0.06190
1403715944.884058 -1.12614 -1.93562 0.34082 0.87886 -0.16991 0.44165 0.06063
1403715944.984059 -1.06641 -1.98866 0.37832 0.85863 -0.11010 0.49654 0.06393
1403715945.084059 -0.98409 -2.03330 0.41580 0.82061 -0.07095 0.56219 0.07418
1403715945.184058 -0.90135 -2.07279 0.44818 0.78705 -0.04680 0.60973 0.08112
1403715945.284059 -0.83043 -2.10346 0.47846 0.76126 -0.03417 0.64189 0.08537
1403715945.384058 -0.78010 -2.12227 0.50987 0.73726 -0.02837 0.66908 0.08932
1403715945.484059 -0.75091 -2.12833 0.54258 0.71195 -0.02798 0.69591 0.08973
1403715945.584059 -0.75979 -2.11786 0.57357 0.70973 -0.03583 0.69868 0.08273
1403715945.684058 -0.79296 -2.09643 0.59517 0.74792 -0.05108 0.65826 0.06853
1403715945.784059 -0.84533 -2.06562 0.61638 0.78635 -0.06299 0.61166 0.05971
1403715945.884058 -0.90623 -2.03740 0.63267 0.82227 -0.07084 0.56199 0.05493
1403715945.984059 -0.96519 -2.00055 0.66245 0.85402 -0.07752 0.51214 0.04845
1403715946.084059 -1.00653 -1.96328 0.68974 0.87426 -0.07586 0.47773 0.04123
1403715946.184058 -1.02413 -1.92760 0.71657 0.89026 -0.06960 0.44902 0.03113
1403715946.284059 -1.01700 -1.89737 0.74225 0.90039 -0.05838 0.43066 0.02039
1403715946.384058 -0.96807 -1.87868 0.77433 0.89797 -0.03771 0.43817 0.01521
1403715946.484059 -0.89385 -1.84790 0.81599 0.87517 -0.01479 0.48330 0.01681
1403715946.584059 -0.79945 -1.82279 0.85856 0.84331 -0.00139 0.53731 0.01112
1403715946.684058 -0.69885 -1.79757 0.90118 0.80767 0.00729 0.58958 0.00415
1403715946.784059 -0.60589 -1.77137 0.94064 0.78134 0.01259 0.62397 -0.00181
1403715946.884058 -0.52636 -1.74874 0.97507 0.76625 0.01563 0.64232 -0.00620
1403715946.984059 -0.45739 -1.71925 1.00581 0.75197 0.01849 0.65891 -0.00601
1403715947.084059 -0.41452 -1.69269 1.03328 0.73628 0.01706 0.67641 -0.00802
1403715947.184058 -0.39908 -1.66492 1.05891 0.70571 0.01276 0.70833 -0.00884
1403715947.284059 -0.41560 -1.64310 1.07747 0.68926 0.00644 0.72442 -0.01026
1403715947.384058 -0.46724 -1.62086 1.07799 0.70425 0.00081 0.70988 -0.01014
1403715947.484059 -0.55797 -1.59404 1.06147 0.74653 -0.00383 0.66527 -0.00963
1403715947.584059 -0.66437 -1.57130 1.03073 0.78454 -0.01054 0.61973 -0.01762
1403715947.684058 -0.78013 -1.55243 0.98819 0.82223 -0.01759 0.56825 -0.02687
1403715947.784059 -0.90157 -1.53412 0.93889 0.84965 -0.01935 0.52620 -0.02887
1403715947.884058 -1.00234 -1.52540 0.88480 0.86785 -0.01220 0.49618 -0.02229
1403715947.984059 -1.09052 -1.51884 0.82106 0.88523 -0.00359 0.46483 -0.01715
1403715948.084059 -1.14509 -1.51130 0.76164 0.89957 0.00225 0.43650 -0.01537
1403715948.184058 -1.17118 -1.56767 0.70755 0.90658 0.04785 0.41810 -0.03175
1403715948.284059 -1.13319 -1.56017 0.66862 0.90294 0.04891 0.42567 -0.03328
1403715948.384058 -1.02888 -1.44817 0.65668 0.88608 -0.03084 0.46250 0.00337
1403715948.484059 -0.95208 -1.48307 0.61654 0.85637 0.00174 0.51622 -0.01253
1403715948.584059 -0.85057 -1.48075 0.58666 0.82619 0.00267 0.56333 -0.00740
1403715948.684058 -0.74577 -1.47748 0.55415 0.80010 0.00144 0.59987 -0.00172
1403715948.784059 -0.64852 -1.47437 0.52169 0.77643 -0.00032 0.63019 0.00421
1403715948.884058 -0.57042 -1.47135 0.48995 0.76106 -0.00186 0.64866 0.00602
1403715948.984059 -0.50167 -1.46660 0.45555 0.74658 0.00026 0.66529 0.00064
1403715949.084059 -0.46478 -1.45773 0.42662 0.73605 0.00741 0.67685 -0.00735
1403715949.184058 -0.45243 -1.45119 0.39923 0.74226 0.01779 0.66958 -0.01996
1403715949.284059 -0.46528 -1.44625 0.37077 0.77145 0.03336 0.63464 -0.03148
1403715949.384058 -0.49208 -1.44176 0.34068 0.80551 0.05004 0.58907 -0.04059
1403715949.484059 -0.52733 -1.43573 0.31587 0.83875 0.06674 0.53834 -0.04735
1403715949.584059 -0.55073 -1.42906 0.29446 0.85782 0.08455 0.50414 -0.05324
1403715949.684058 -0.56189 -1.42122 0.27744 0.86959 0.10296 0.47880 -0.06300
1403715949.784059 -0.56503 -1.41301 0.27048 0.87693 0.12528 0.45854 -0.07097
1403715949.884058 -0.52887 -1.39273 0.27672 0.87690 0.14890 0.45101 -0.07390
1403715949.984059 -0.46110 -1.36449 0.28006 0.86776 0.18071 0.45705 -0.07383
1403715950.084059 -0.37368 -1.32355 0.28660 0.85097 0.21100 0.47500 -0.07551
1403715950.184058 -0.26782 -1.26533 0.29670 0.82039 0.22774 0.51690 -0.08887
1403715950.284059 -0.15857 -1.19602 0.30938 0.78497 0.22542 0.56552 -0.11487
1403715950.384058 -0.06392 -1.12772 0.31972 0.75597 0.21676 0.60201 -0.13826
1403715950.484059 0.02909 -1.05602 0.32963 0.72753 0.20778 0.63535 -0.15444
1403715950.584059 0.09644 -0.99517 0.34285 0.70721 0.20096 0.65843 -0.16105
1403715950.684058 0.13766 -0.94358 0.35605 0.69466 0.19562 0.67204 -0.16597
1403715950.784059 0.14930 -0.90383 0.37082 0.68186 0.19133 0.68527 -0.16990
1403715950.884058 0.12639 -0.87909 0.38819 0.67365 0.18934 0.69301 -0.17344
1403715950.984059 0.06067 -0.86718 0.40488 0.68888 0.19144 0.67649 -0.17651
1403715951.084059 -0.02908 -0.87110 0.41651 0.72760 0.19963 0.63325 -0.17244
1403715951.184058 -0.14274 -0.89065 0.42694 0.76525 0.21434 0.58463 -0.16328
1403715951.284059 -0.26094 -0.91641 0.43615 0.79932 0.23286 0.53207 -0.15414
1403715951.384058 -0.36780 -0.93139 0.44958 0.82128 0.24827 0.49107 -0.15072
1403715951.484059 -0.47746 -0.94326 0.46443 0.83740 0.26694 0.45308 -0.14906
1403715951.584059 -0.56037 -0.94419 0.47653 0.84661 0.28433 0.42393 -0.15066
1403715951.684058 -0.61233 -0.92278 0.50146 0.84986 0.30230 0.40321 -0.15420
1403715951.784059 -0.62306 -0.89743 0.52543 0.84565 0.32748 0.38791 -0.16481
1403715951.884058 -0.58174 -0.84890 0.55098 0.83257 0.34934 0.38923 -0.18245
1403715951.984059 -0.52440 -0.77514 0.58374 0.79475 0.36929 0.42698 -0.22291
1403715952.084059 -0.46662 -0.67148 0.62045 0.75387 0.36978 0.47582 -0.26182
1403715952.184058 -0.41015 -0.56629 0.65706 0.71243 0.37005 0.51699 -0.29702
1403715952.284059 -0.35416 -0.46960 0.68693 0.68207 0.37059 0.54079 -0.32403
1403715952.384058 -0.30617 -0.39447 0.71502 0.66025 0.37223 0.55544 -0.34204
1403715952.484059 -0.26174 -0.33149 0.74207 0.64116 0.37368 0.56675 -0.35787
1403715952.584059 -0.22672 -0.30153 0.76817 0.62452 0.37906 0.57379 -0.37022
1403715952.684058 -0.20333 -0.30407 0.79996 0.60539 0.37835 0.58375 -0.38677
1403715952.784059 -0.19504 -0.32541 0.83194 0.58325 0.37329 0.59971 -0.40103
1403715952.884058 -0.20033 -0.38332 0.85768 0.57711 0.37466 0.60205 -0.40511
1403715952.984059 -0.22476 -0.48598 0.87585 0.61077 0.40143 0.56418 -0.38409
1403715953.084059 -0.25204 -0.60768 0.87434 0.65050 0.43380 0.51165 -0.35620
1403715953.184058 -0.27941 -0.73995 0.86035 0.68662 0.46268 0.45728 -0.32460
1403715953.284059 -0.31017 -0.87660 0.83333 0.71031 0.48170 0.41688 -0.29939
1403715953.384058 -0.33750 -0.99675 0.79826 0.72338 0.49587 0.38827 -0.28298
1403715953.484059 -0.34865 -1.11828 0.76175 0.72969 0.51437 0.35799 -0.27352
1403715953.584059 -0.35310 -1.18794 0.73398 0.72974 0.53299 0.33448 -0.26746
1403715953.684058 -0.32857 -1.23058 0.71672 0.72028 0.55773 0.31410 -0.26734
1403715953.784059 -0.30753 -1.22532 0.70493 0.71136 0.57570 0.30302 -0.26592
1403715953.884058 -0.27528 -1.16653 0.70905 0.69395 0.59113 0.31307 -0.26643
1403715953.984059 -0.23619 -1.07102 0.71053 0.65527 0.60790 0.35717 -0.27112
1403715954.084059 -0.20353 -0.95018 0.70555 0.61218 0.61155 0.41103 -0.28688
1403715954.184058 -0.18335 -0.81867 0.69205 0.57684 0.59776 0.45726 -0.31757
1403715954.284059 -0.17752 -0.68378 0.67481 0.55352 0.57271 0.48958 -0.35488
1403715954.384058 -0.18942 -0.56264 0.65967 0.54486 0.54321 0.50220 -0.39479
1403715954.484059 -0.21441 -0.44220 0.64109 0.53589 0.51065 0.51147 -0.43642
1403715954.584059 -0.24875 -0.35757 0.62863 0.52027 0.48671 0.52671 -0.46369
1403715954.684058 -0.29192 -0.31198 0.61680 0.50749 0.47092 0.53729 -0.48168
1403715954.784059 -0.33863 -0.30236 0.60698 0.50849 0.47170 0.53538 -0.48199
1403715954.884058 -0.38664 -0.33030 0.59173 0.52285 0.48503 0.52148 -0.46844
1403715954.984059 -0.44661 -0.39618 0.57945 0.55064 0.50959 0.49375 -0.43969
1403715955.084059 -0.51020 -0.47905 0.57234 0.57780 0.53106 0.46431 -0.41053
1403715955.184058 -0.57923 -0.57698 0.56262 0.60877 0.54737 0.42659 -0.38447
1403715955.284059 -0.64689 -0.67844 0.55421 0.63666 0.56094 0.38963 -0.35805
1403715955.384058 -0.70626 -0.76497 0.55095 0.65453 0.57038 0.36498 -0.33623
1403715955.484059 -0.76419 -0.84458 0.55100 0.67079 0.57748 0.33891 -0.31892
1403715955.584059 -0.80800 -0.89391 0.55656 0.68356 0.58359 0.30874 -0.31121
1403715955.684058 -0.84262 -0.90264 0.56791 0.68502 0.59527 0.28687 -0.30677
1403715955.784059 -0.87123 -0.87030 0.58774 0.67093 0.59984 0.30079 -0.31556
1403715955.884058 -0.87476 -0.81635 0.61752 0.63005 0.60444 0.33170 -0.35730
1403715955.984059 -0.88184 -0.73309 0.64874 0.58221 0.60112 0.36660 -0.40656
1403715956.084059 -0.89067 -0.64952 0.67921 0.53031 0.60119 0.39833 -0.44572
1403715956.184058 -0.89969 -0.57238 0.70456 0.48598 0.60744 0.41353 -0.47312
1403715956.284059 -0.90933 -0.51145 0.72448 0.45122 0.61876 0.41271 -0.49317
1403715956.384058 -0.92221 -0.47423 0.74552 -0.41957 -0.62452 -0.40628 0.51852
1403715956.484059 -0.93481 -0.46121 0.77350 -0.38132 -0.61994 -0.40021 0.55687
1403715956.584059 -0.94338 -0.47845 0.79942 -0.35160 -0.61650 -0.39176 0.58552
1403715956.684058 -0.94462 -0.52106 0.82358 -0.33853 -0.62122 -0.37831 0.59696
1403715956.784059 -0.93588 -0.59725 0.84616 -0.34520 -0.63953 -0.35413 0.58859
1403715956.884058 -0.91568 -0.70320 0.86026 -0.36001 -0.66128 -0.32921 0.56984
1403715956.984059 -0.88740 -0.83313 0.88033 -0.38034 -0.68952 -0.30298 0.53676
1403715957.084059 -0.85695 -0.96803 0.89191 -0.39936 -0.71481 -0.28148 0.50033
1403715957.184058 -0.82976 -1.10331 0.89398 0.41775 0.73442 0.25993 -0.46749
1403715957.284059 -0.80531 -1.23193 0.88255 0.43588 0.75151 0.23632 -0.43520
1403715957.384058 -0.78610 -1.34487 0.85447 0.45249 0.76657 0.21360 -0.40248
1403715957.484059 -0.77558 -1.42797 0.82062 0.46277 0.78114 0.19378 -0.37163
1403715957.584059 -0.78617 -1.48453 0.78513 0.47007 0.79005 0.18267 -0.34856
1403715957.684058 -0.81849 -1.50690 0.75006 0.47288 0.79469 0.18021 -0.33523
1403715957.784059 -0.87098 -1.48227 0.71709 0.46624 0.78857 0.19411 -0.35085
1403715957.884058 -0.93643 -1.42178 0.69693 0.44896 0.76812 0.22159 -0.39915
1403715957.984059 -1.02739 -1.33389 0.68000 0.41958 0.74116 0.25338 -0.45872
1403715958.084059 -1.11930 -1.23683 0.66475 -0.38558 -0.71553 -0.27699 0.51247
1403715958.184058 -1.20821 -1.14751 0.64359 -0.35383 -0.69211 -0.28884 0.55889
1403715958.284059 -1.28831 -1.07631 0.61374 -0.32354 -0.67600 -0.29513 0.59266
1403715958.384058 -1.35559 -1.02185 0.58632 -0.29783 -0.66482 -0.29596 0.61784
1403715958.484059 -1.41328 -0.99460 0.55754 -0.27118 -0.64903 -0.29169 0.64818
1403715958.584059 -1.44461 -0.99739 0.52696 -0.25427 -0.64609 -0.27717 0.66415
1403715958.684058 -1.44762 -1.03040 0.49442 -0.24727 -0.65717 -0.25041 0.66654
1403715958.784059 -1.42366 -1.08972 0.46422 -0.24653 -0.68198 -0.21439 0.65434
1403715958.884058 -1.37695 -1.16686 0.43072 -0.25215 -0.71261 -0.16881 0.63254
1403715958.984059 -1.30918 -1.25832 0.39832 -0.25593 -0.74480 -0.12247 0.60397
1403715959.084059 -1.22883 -1.33956 0.36740 -0.24811 -0.77897 -0.09408 0.56815
1403715959.184058 -1.14339 -1.41060 0.34208 -0.22490 -0.80831 -0.08762 0.53701
1403715959.284059 -1.06364 -1.47268 0.31870 -0.19845 -0.83386 -0.08734 0.50761
1403715959.384058 -0.99232 -1.52341 0.28749 0.18180 0.85977 0.08040 -0.47040
1403715959.484059 -0.93482 -1.55007 0.26143 0.16239 0.88312 0.06712 -0.43500
1403715959.584059 -0.91436 -1.56484 0.24599 0.14667 0.89657 0.06030 -0.41353
1403715959.684058 -0.92812 -1.55372 0.24929 0.11522 0.89988 0.05210 -0.41740
1403715959.784059 -0.99652 -1.54792 0.27294 0.10000 0.88002 0.04912 -0.46168
1403715959.884058 -1.08587 -1.53705 0.30709 -0.08465 -0.84818 -0.04693 0.52079
1403715959.984059 -1.19423 -1.52347 0.33752 -0.06874 -0.80485 -0.04688 0.58762
1403715960.084059 -1.28984 -1.51173 0.35871 -0.05764 -0.76630 -0.04703 0.63816
1403715960.184058 -1.36802 -1.50352 0.37560 -0.04936 -0.73809 -0.04866 0.67114
1403715960.284059 -1.42021 -1.50049 0.39127 -0.04320 -0.71702 -0.05196 0.69377
1403715960.384058 -1.43630 -1.50283 0.41030 -0.03985 -0.69924 -0.05498 0.71166
1403715960.484059 -1.42477 -1.51718 0.42910 -0.03844 -0.69010 -0.05658 0.72047
1403715960.584059 -1.37124 -1.54000 0.44447 -0.04048 -0.71032 -0.05846 0.70028
1403715960.684058 -1.28773 -1.57027 0.45716 -0.04619 -0.75155 -0.05767 0.65552
1403715960.784059 -1.18306 -1.60750 0.47219 -0.05074 -0.79113 -0.05921 0.60665
1403715960.884058 -1.07859 -1.64561 0.47829 -0.05648 -0.83372 -0.05970 0.54603
1403715960.984059 -0.96099 -1.69626 0.49532 0.06331 0.86776 0.05932 -0.48936
1403715961.084059 -0.87157 -1.74317 0.51307 0.06852 0.88991 0.05923 -0.44705
1403715961.184058 -0.81646 -1.79147 0.53202 0.07757 0.90710 0.05555 -0.40995
1403715961.284059 -0.80328 -1.83190 0.55676 0.09001 0.91292 0.04488 -0.39554
1403715961.384058 -0.83669 -1.84951 0.59539 0.08878 0.90395 0.02739 -0.41742
1403715961.484059 -0.90206 -1.87988 0.64317 0.08680 0.88172 0.01510 -0.46347
1403715961.584059 -0.99453 -1.90747 0.69436 -0.07616 -0.85497 -0.00973 0.51297
1403715961.684058 -1.09997 -1.92073 0.74489 -0.05077 -0.82576 -0.00255 0.56172
1403715961.784059 -1.20919 -1.92618 0.78851 -0.02021 -0.79392 -0.00002 0.60768
1403715961.884058 -1.29769 -1.92937 0.82368 0.00450 -0.76553 0.00358 0.64337
1403715961.984059 -1.38611 -1.94139 0.84192 0.02460 -0.73604 0.00858 0.67643
1403715962.084059 -1.43746 -1.95169 0.85196 0.03834 -0.70002 0.02373 0.71270
1403715962.184058 -1.45291 -1.95925 0.85072 0.05128 -0.67695 0.04079 0.73310
1403715962.284059 -1.42554 -1.96683 0.83685 0.06314 -0.67462 0.06143 0.73289
1403715962.384058 -1.36528 -1.97068 0.81259 0.06995 -0.68774 0.08557 0.71750
1403715962.484059 -1.25729 -1.96714 0.78131 0.07311 -0.71221 0.11557 0.68852
1403715962.584059 -1.12561 -1.94935 0.74144 0.07543 -0.74714 0.14624 0.64398
1403715962.684058 -0.97726 -1.91385 0.69218 0.07999 -0.77772 0.17136 0.59950
1403715962.784059 -0.82663 -1.85753 0.63551 0.08961 -0.80203 0.18797 0.55981
1403715962.884058 -0.68748 -1.79295 0.56903 0.10868 -0.82115 0.18741 0.52799
1403715962.984059 -0.54670 -1.71056 0.48632 -0.14830 0.84078 -0.16456 -0.49398
1403715963.084059 -0.42126 -1.62804 0.39383 -0.18633 0.85819 -0.13984 -0.45743
1403715963.184058 -0.31950 -1.54876 0.28927 -0.21764 0.87205 -0.12750 -0.41941
1403715963.284059 -0.24246 -1.48195 0.17302 -0.24323 0.88059 -0.12434 -0.38722
1403715963.384058 -0.19832 -1.44538 0.06211 -0.26068 0.87635 -0.13161 -0.38305
1403715963.484059 -0.19995 -1.43462 -0.04598 -0.27567 0.84257 -0.15612 -0.43554
1403715963.584059 -0.23339 -1.43592 -0.13950 -0.28689 0.79722 -0.18784 -0.49684
1403715963.684058 -0.27189 -1.44300 -0.22396 0.29848 -0.75852 0.21243 0.53892
1403715963.784059 -0.29865 -1.44848 -0.29725 0.30835 -0.73523 0.23060 0.55783
1403715963.884058 -0.31452 -1.45055 -0.35883 0.31548 -0.72525 0.24244 0.56188
1403715963.984059 -0.32547 -1.44799 -0.40556 0.32243 -0.72890 0.24940 0.55004
1403715964.084059 -0.32747 -1.44036 -0.43913 0.33757 -0.74131 0.23923 0.52847
1403715964.184058 -0.32761 -1.43651 -0.45325 0.35979 -0.75579 0.21533 0.50296
1403715964.284059 -0.32543 -1.44371 -0.43197 -0.36061 0.75901 -0.21758 -0.49651
1403715964.384058 -0.32411 -1.46115 -0.39070 0.35319 -0.75465 0.22977 0.50296
1403715964.484059 -0.32577 -1.48403 -0.35710 0.34892 -0.75173 0.23699 0.50695
1403715964.584059 -0.32691 -1.51020 -0.32854 0.34973 -0.74984 0.23647 0.50942
1403715964.684058 -0.32923 -1.54008 -0.29590 0.34233 -0.74937 0.24703 0.51013
1403715964.784059 -0.33255 -1.57079 -0.25124 0.33080 -0.74763 0.26383 0.51188
1403715964.884058 -0.33817 -1.59904 -0.19808 0.32005 -0.74184 0.28199 0.51742
1403715964.984059 -0.34800 -1.62354 -0.14497 0.31655 -0.73041 0.29277 0.52970
1403715965.084059 -0.35739 -1.63954 -0.10876 0.31683 -0.71426 0.29900 0.54777
1403715965.184058 -0.36380 -1.64470 -0.08900 0.32258 -0.70726 0.29667 0.55473
1403715965.284059 -0.36509 -1.63995 -0.08127 0.34531 -0.72799 0.26986 0.52723
1403715965.384058 -0.36320 -1.62733 -0.08154 -0.36524 0.75932 -0.23981 -0.48221
1403715965.484059 -0.36749 -1.62156 -0.06894 -0.37766 0.78735 -0.21260 -0.43846
1403715965.584059 -0.38546 -1.63496 -0.04702 -0.38292 0.80074 -0.19609 -0.41682
1403715965.684058 -0.41907 -1.67224 -0.01363 -0.37893 0.79192 -0.20020 -0.43497
1403715965.784059 -0.46749 -1.72590 0.02825 -0.36601 0.76121 -0.22443 -0.48604
1403715965.884058 -0.51603 -1.78545 0.06851 0.34868 -0.72614 0.25210 0.53627
1403715965.984059 -0.56264 -1.84422 0.10651 0.33446 -0.69242 0.27344 0.57785
1403715966.084059 -0.59340 -1.88800 0.13730 0.32553 -0.66731 0.28825 0.60469
1403715966.184058 -0.60666 -1.91323 0.16852 0.31635 -0.64382 0.30356 0.62712
1403715966.284059 -0.59489 -1.91468 0.19725 0.32156 -0.65163 0.29808 0.61897
1403715966.384058 -0.56316 -1.89107 0.21969 0.33571 -0.68580 0.27906 0.58233
1403715966.484059 -0.51657 -1.85743 0.24900 0.35140 -0.72848 0.24951 0.53251
1403715966.584059 -0.47000 -1.82433 0.27659 -0.36328 0.76910 -0.21934 -0.47791
1403715966.684058 -0.42893 -1.80182 0.30844 -0.36739 0.79571 -0.19731 -0.43925
1403715966.784059 -0.40032 -1.79433 0.33639 -0.36769 0.81160 -0.18363 -0.41519
1403715966.884058 -0.39145 -1.81069 0.36760 -0.36743 0.81455 -0.17729 -0.41239
1403715966.984059 -0.39542 -1.85573 0.41028 -0.35721 0.79446 -0.19187 -0.45212
1403715967.084059 -0.40971 -1.91398 0.45138 0.34415 -0.76147 0.21320 0.50623
1403715967.184058 -0.42766 -1.97669 0.49487 0.32852 -0.72490 0.23527 0.55789
1403715967.284059 -0.43940 -2.03764 0.53877 0.31099 -0.68628 0.25635 0.60547
1403715967.384058 -0.43407 -2.08081 0.57924 0.29569 -0.65715 0.27331 0.63720
1403715967.484059 -0.39861 -2.10343 0.62062 0.28951 -0.65325 0.27854 0.64176
1403715967.584059 -0.34052 -2.10494 0.65054 0.29270 -0.66960 0.28613 0.61975
1403715967.684058 -0.26234 -2.08042 0.67385 0.30676 -0.69766 0.29242 0.57763
1403715967.784059 -0.17590 -2.03566 0.69554 0.32325 -0.72635 0.30199 0.52605
1403715967.884058 -0.09404 -1.98447 0.71342 -0.34135 0.74995 -0.30799 -0.47561
1403715967.984059 -0.01900 -1.92362 0.72739 -0.36592 0.76482 -0.30299 -0.43515
1403715968.084059 0.03467 -1.86679 0.72842 -0.39853 0.77300 -0.27827 -0.40770
1403715968.184058 0.06711 -1.82161 0.72475 -0.42363 0.77451 -0.25750 -0.39290
1403715968.284059 0.08576 -1.79402 0.71699 -0.42917 0.76075 -0.26064 -0.41127
1403715968.384058 0.09196 -1.78383 0.70479 -0.42172 0.73988 -0.27620 -0.44546
1403715968.484059 0.08772 -1.78148 0.67639 -0.40881 0.71391 -0.29827 -0.48399
1403715968.584059 0.08387 -1.78138 0.63784 0.39349 -0.69070 0.31540 0.51828
1403715968.684058 0.08165 -1.76902 0.59031 0.38197 -0.66698 0.32979 0.54816
1403715968.784059 0.08673 -1.74262 0.54089 0.37299 -0.64706 0.34012 0.57141
1403715968.884058 0.10316 -1.69301 0.49447 0.36712 -0.63345 0.34712 0.58606
1403715968.984059 0.13362 -1.62481 0.44511 0.36862 -0.63553 0.34664 0.58314
1403715969.084059 0.17680 -1.53411 0.39238 0.38573 -0.66461 0.32835 0.54926
1403715969.184058 0.22661 -1.43061 0.33648 -0.41260 0.71112 -0.29139 -0.48905
1403715969.284059 0.27451 -1.32620 0.28511 -0.43288 0.74930 -0.25491 -0.43149
1403715969.384058 0.31093 -1.24291 0.24427 -0.44458 0.77165 -0.22844 -0.39334
1403715969.484059 0.33700 -1.17727 0.20520 -0.45497 0.78595 -0.20332 -0.36598
1403715969.584059 0.34264 -1.15144 0.17688 -0.47116 0.78056 -0.17994 -0.36926
1403715969.684058 0.33336 -1.15297 0.14649 -0.48702 0.75930 -0.16796 -0.39757
1403715969.784059 0.31648 -1.21007 0.13385 -0.49345 0.73287 -0.16973 -0.43658
1403715969.884058 0.30514 -1.30150 0.13661 -0.48060 0.71053 -0.19603 -0.47512
1403715969.984059 0.30094 -1.41338 0.13401 0.44867 -0.69027 0.25099 0.50915
1403715970.084059 0.30775 -1.52274 0.13326 0.42289 -0.66978 0.29310 0.53539
1403715970.184058 0.32513 -1.62316 0.13154 0.40376 -0.64795 0.32314 0.55922
1403715970.284059 0.35540 -1.70507 0.13284 0.38326 -0.62377 0.35280 0.58272
1403715970.384058 0.39436 -1.76511 0.13576 0.36972 -0.60737 0.37140 0.59705
1403715970.484059 0.45783 -1.79402 0.13616 0.36279 -0.60642 0.38477 0.59379
1403715970.584059 0.52833 -1.78704 0.13651 0.36740 -0.63239 0.38878 0.56031
1403715970.684058 0.60381 -1.75149 0.13535 0.38242 -0.67169 0.37377 0.51272
1403715970.784059 0.67517 -1.69574 0.13796 -0.39853 0.71719 -0.34843 -0.45321
1403715970.884058 0.73412 -1.63613 0.14088 -0.40984 0.75715 -0.32021 -0.39526
1403715970.984059 0.76896 -1.58261 0.15776 -0.42073 0.78645 -0.29207 -0.34523
1403715971.084059 0.77052 -1.55360 0.18232 -0.44107 0.79607 -0.26267 -0.32052
1403715971.184058 0.72351 -1.56139 0.22929 -0.47004 0.78425 -0.24197 -0.32476
1403715971.284059 0.66126 -1.59215 0.27782 -0.50028 0.74977 -0.23958 -0.36079
1403715971.384058 0.59912 -1.67418 0.32858 -0.51504 0.71056 -0.24779 -0.41041
1403715971.484059 0.52627 -1.77324 0.38543 -0.53089 0.65811 -0.27344 -0.45857
1403715971.584059 0.46984 -1.87983 0.43482 -0.54174 0.61093 -0.30375 -0.49094
1403715971.684058 0.43033 -1.98639 0.48081 0.54906 -0.57398 0.33698 0.50549
1403715971.784059 0.41344 -2.08442 0.52508 0.55039 -0.54858 0.37695 0.50403
1403715971.884058 0.42035 -2.16217 0.56497 0.55081 -0.53585 0.41407 0.48787
1403715971.984059 0.43114 -2.23646 0.59815 0.55746 -0.52605 0.44207 0.46592
1403715972.084059 0.44579 -2.28818 0.62719 0.56530 -0.51479 0.46071 0.45074
1403715972.184058 0.46291 -2.32172 0.65815 0.56363 -0.49680 0.48181 0.45096
1403715972.284059 0.48331 -2.32951 0.69325 0.55515 -0.47768 0.50308 0.45885
1403715972.384058 0.50316 -2.30535 0.72387 0.54881 -0.46621 0.51605 0.46384
1403715972.484059 0.52068 -2.25143 0.75371 0.55187 -0.46673 0.51573 0.46003
1403715972.584059 0.53536 -2.16840 0.77400 0.56827 -0.48496 0.49801 0.44031
1403715972.684058 0.54811 -2.06589 0.79029 0.58859 -0.51257 0.47229 0.40959
1403715972.784059 0.56048 -1.95179 0.79560 0.60679 -0.54146 0.44407 0.37608
1403715972.884058 0.56931 -1.84223 0.79250 0.61484 -0.55887 0.42713 0.35664
1403715972.984059 0.57565 -1.72341 0.78802 0.60669 -0.56238 0.43231 0.35884
1403715973.084059 0.57769 -1.62130 0.78084 0.59160 -0.56518 0.44714 0.36146
1403715973.184058 0.57079 -1.52059 0.77373 0.58632 -0.56408 0.44970 0.36853
1403715973.284059 0.55551 -1.42037 0.76650 0.58421 -0.56588 0.44909 0.36986
1403715973.384058 0.53273 -1.32165 0.75527 0.58713 -0.57182 0.44258 0.36389
1403715973.484059 0.50112 -1.21951 0.74894 0.59610 -0.57923 0.42765 0.35535
1403715973.584059 0.46527 -1.12841 0.74460 0.60265 -0.58762 0.41671 0.34333
1403715973.684058 0.42393 -1.04256 0.74109 0.60532 -0.59724 0.41123 0.32829
1403715973.784059 0.37416 -0.97438 0.73837 0.60715 -0.60445 0.40865 0.31468
1403715973.884058 0.31813 -0.92341 0.73577 0.60977 -0.60666 0.40609 0.30860
1403715973.984059 0.25207 -0.88965 0.73703 0.61399 -0.60324 0.40313 0.31080
1403715974.084059 0.18197 -0.87853 0.74154 0.61669 -0.59100 0.40461 0.32665
1403715974.184058 0.10969 -0.88198 0.74723 0.61522 -0.57881 0.41137 0.34244
1403715974.284059 0.03526 -0.89238 0.74925 0.61472 -0.57068 0.41544 0.35194
1403715974.384058 -0.04010 -0.90757 0.74415 0.61753 -0.56752 0.41433 0.35341
1403715974.484059 -0.11580 -0.93190 0.73263 0.61973 -0.56621 0.41283 0.35343
1403715974.584059 -0.19123 -0.95873 0.72000 0.61803 -0.56220 0.41711 0.35777
1403715974.684058 -0.26701 -0.99276 0.70631 0.61536 -0.55823 0.42251 0.36221
1403715974.784059 -0.34131 -1.02888 0.68989 0.61408 -0.55509 0.42548 0.36572
1403715974.884058 -0.41496 -1.06643 0.67361 0.61438 -0.55372 0.42697 0.36555
1403715974.984059 -0.49272 -1.10965 0.65451 0.61485 -0.55123 0.42905 0.36608
1403715975.084059 -0.56400 -1.15021 0.63667 0.61711 -0.54695 0.42958 0.36809
1403715975.184058 -0.63202 -1.19255 0.62050 0.62034 -0.54249 0.42852 0.37049
1403715975.284059 -0.69913 -1.23576 0.60627 0.62387 -0.53813 0.42729 0.37233
1403715975.384058 -0.76108 -1.27950 0.59864 0.62445 -0.53207 0.43051 0.37632
1403715975.484059 -0.82091 -1.32285 0.59424 0.62444 -0.52375 0.43382 0.38414
1403715975.584059 -0.87315 -1.36170 0.59505 0.62595 -0.52203 0.43441 0.38335
1403715975.684058 -0.92256 -1.39875 0.60048 0.62754 -0.52429 0.43418 0.37790
1403715975.784059 -0.96603 -1.43450 0.61018 0.62866 -0.52589 0.43315 0.37499
1403715975.884058 -1.00399 -1.46924 0.62127 0.62988 -0.52689 0.43149 0.37344
1403715975.984059 -1.03818 -1.50554 0.63375 0.63082 -0.52831 0.42951 0.37212
1403715976.084059 -1.06722 -1.54126 0.64427 0.63178 -0.52953 0.42693 0.37174
1403715976.184058 -1.09118 -1.57711 0.65625 0.63038 -0.52950 0.42648 0.37466
1403715976.284059 -1.11161 -1.61359 0.66748 0.62848 -0.52935 0.42650 0.37802
1403715976.384058 -1.12588 -1.65031 0.67945 0.62829 -0.52707 0.42437 0.38389
1403715976.484059 -1.13275 -1.68889 0.68818 0.63285 -0.52122 0.42195 0.38704
1403715976.584059 -1.13132 -1.72532 0.69511 0.63953 -0.51220 0.42343 0.38647
1403715976.684058 -1.12267 -1.76171 0.69911 0.64674 -0.50351 0.43086 0.37757
1403715976.784059 -1.10652 -1.79663 0.70214 0.65267 -0.49735 0.43866 0.36640
1403715976.884058 -1.08420 -1.83061 0.70455 0.65730 -0.49133 0.44396 0.35980
1403715976.984059 -1.05720 -1.86806 0.70532 0.66210 -0.48543 0.44796 0.35398
1403715977.084059 -1.02557 -1.90137 0.70435 0.66820 -0.47670 0.45268 0.34833
1403715977.184058 -0.98866 -1.93261 0.70125 0.67721 -0.46387 0.45829 0.34084
1403715977.284059 -0.94672 -1.96181 0.69716 0.68880 -0.44729 0.46600 0.32913
1403715977.384058 -0.89749 -1.98429 0.69371 0.70172 -0.42575 0.47540 0.31675
1403715977.484059 -0.84216 -2.01004 0.68889 0.71694 -0.39944 0.48699 0.29880
1403715977.584059 -0.78418 -2.03320 0.68425 0.73204 -0.37108 0.49848 0.27916
1403715977.684058 -0.72090 -2.05280 0.68001 0.74595 -0.34115 0.51101 0.25698
1403715977.784059 -0.65483 -2.06695 0.67495 0.76001 -0.30922 0.52163 0.23384
1403715977.884058 -0.58631 -2.07440 0.67042 0.77140 -0.27483 0.53213 0.21507
1403715977.984059 -0.51251 -2.08020 0.66520 0.78209 -0.23067 0.54360 0.19908
1403715978.084059 -0.44099 -2.07670 0.65999 0.79042 -0.18548 0.55445 0.18282
1403715978.184058 -0.36811 -2.06346 0.65503 0.79768 -0.13861 0.56229 0.16826
1403715978.284059 -0.29274 -2.03777 0.64810 0.80287 -0.09510 0.56865 0.15163
1403715978.384058 -0.22143 -1.99833 0.64226 0.80431 -0.06282 0.57724 0.12624
1403715978.484059 -0.14387 -1.94073 0.63287 0.80668 -0.03531 0.58315 0.08917
1403715978.584059 -0.07174 -1.87542 0.62137 0.80595 -0.01196 0.59001 0.04682
1403715978.684058 -0.00061 -1.80316 0.60974 0.80475 0.01588 0.59334 0.00871
1403715978.784059 0.06048 -1.72592 0.59755 0.80418 0.05063 0.59188 -0.02051
1403715978.884058 0.10805 -1.64807 0.58525 0.80483 0.08766 0.58536 -0.04381
1403715978.984059 0.15940 -1.56042 0.57595 0.80317 0.13154 0.57696 -0.06879
1403715979.084059 0.20335 -1.47358 0.57251 0.79482 0.17293 0.57386 -0.09516
1403715979.184058 0.24196 -1.38238 0.57509 0.77961 0.21002 0.57563 -0.12943
1403715979.284059 0.27161 -1.29021 0.58538 0.75533 0.24574 0.58411 -0.16703
1403715979.384058 0.29126 -1.20320 0.59296 0.73277 0.28725 0.58717 -0.18913
1403715979.484059 0.29872 -1.10917 0.60142 0.71439 0.33264 0.58008 -0.20614
1403715979.584059 0.28404 -1.02592 0.61257 0.69943 0.36917 0.56895 -0.22539
1403715979.684058 0.25823 -0.94401 0.62619 0.68493 0.40218 0.55500 -0.24719
1403715979.784059 0.22365 -0.85847 0.63683 0.66491 0.43379 0.54376 -0.27211
1403715979.884058 0.16874 -0.79301 0.64973 0.64263 0.46110 0.53350 -0.29965
1403715979.984059 0.09889 -0.70929 0.66230 0.61449 0.49009 0.52266 -0.33020
1403715980.084059 0.01566 -0.64856 0.67602 0.58604 0.51682 0.51025 -0.35931
1403715980.184058 -0.08369 -0.59985 0.68805 0.55885 0.54379 0.49336 -0.38545
1403715980.284059 -0.19102 -0.56289 0.69794 0.53615 0.56900 0.46786 -0.41217
1403715980.384058 -0.30030 -0.54451 0.70353 0.51304 0.59325 0.44209 -0.43519
1403715980.484059 -0.42474 -0.52431 0.71182 0.48339 0.61564 0.41429 -0.46442
1403715980.584059 -0.54669 -0.52390 0.71858 0.45436 0.63426 0.38318 -0.49442
1403715980.684058 -0.67043 -0.53513 0.72242 -0.42363 -0.65537 -0.35173 0.51702
1403715980.784059 -0.79036 -0.55900 0.72381 -0.39245 -0.67639 -0.31784 0.53616
1403715980.884058 -0.90424 -0.58914 0.72112 -0.36210 -0.69591 -0.28475 0.55092
1403715980.984059 -1.01393 -0.63785 0.72187 -0.32328 -0.71480 -0.24810 0.56832
1403715981.084059 -1.11106 -0.69100 0.72238 -0.28363 -0.72813 -0.21306 0.58650
1403715981.184058 -1.19687 -0.74974 0.72290 -0.24004 -0.74085 -0.17985 0.60098
1403715981.284059 -1.27246 -0.81681 0.72308 -0.19540 -0.75219 -0.14278 0.61289
1403715981.384058 -1.33450 -0.88499 0.72424 -0.15178 -0.76042 -0.10610 0.62247
1403715981.484059 -1.37072 -0.96411 0.72931 -0.10134 -0.76500 -0.06144 0.63303
1403715981.584059 -1.38285 -1.03802 0.73605 -0.05112 -0.76191 -0.02084 0.64533
1403715981.684058 -1.37389 -1.11027 0.74631 0.00080 -0.75869 0.01620 0.65125
1403715981.784059 -1.36244 -1.18241 0.74772 0.05179 -0.76264 0.04777 0.64297
1403715981.884058 -1.34106 -1.25968 0.74463 0.09775 -0.77411 0.07471 0.62098
1403715981.984059 -1.29680 -1.33798 0.74688 0.14572 -0.77770 0.10414 0.60257
1403715982.084059 -1.23628 -1.40563 0.75191 0.18709 -0.77325 0.13179 0.59136
1403715982.184058 -1.17139 -1.47787 0.75922 0.22510 -0.76482 0.15726 0.58280
1403715982.284059 -1.09180 -1.53867 0.76573 0.26094 -0.75456 0.18445 0.57318
1403715982.384058 -1.01345 -1.60142 0.76906 0.29298 -0.74359 0.20838 0.56375
1403715982.484059 -0.91811 -1.65651 0.77337 0.33020 -0.72858 0.23574 0.55187
1403715982.584059 -0.82379 -1.70595 0.77581 0.36621 -0.71066 0.26106 0.54102
1403715982.684058 -0.72203 -1.74938 0.77780 0.40195 -0.69060 0.28917 0.52715
1403715982.784059 -0.61295 -1.78577 0.78012 0.43821 -0.66836 0.31705 0.51063
1403715982.884058 -0.49922 -1.82741 0.78032 -0.47099 0.64677 -0.34089 -0.49361
1403715982.984059 -0.36604 -1.85518 0.78294 -0.50609 0.62025 -0.36647 -0.47420
1403715983.084059 -0.24496 -1.87101 0.78227 -0.53679 0.59401 -0.39094 -0.45407
1403715983.184058 -0.11774 -1.88442 0.78192 -0.56554 0.56632 -0.41537 -0.43234
1403715983.284059 0.00666 -1.88758 0.78212 0.59350 -0.53608 0.44033 0.40803
1403715983.384058 0.13532 -1.88968 0.77947 0.62045 -0.50369 0.46068 0.38615
1403715983.484059 0.25921 -1.87274 0.78096 0.64525 -0.46375 0.49033 0.35801
1403715983.584059 0.37757 -1.84980 0.78391 0.66090 -0.42357 0.52381 0.33079
1403715983.684058 0.49063 -1.81946 0.78699 0.67372 -0.38460 0.55435 0.30146
1403715983.784059 0.59612 -1.77732 0.78872 0.68565 -0.34815 0.57865 0.27174
1403715983.884058 0.69425 -1.72886 0.78996 0.69764 -0.31521 0.59523 0.24421
1403715983.984059 0.77576 -1.66018 0.79275 0.71118 -0.28031 0.60853 0.21295
1403715984.084059 0.83242 -1.58500 0.79711 0.72577 -0.25019 0.61459 0.18150
1403715984.184058 0.87809 -1.50417 0.80162 0.74071 -0.22219 0.61592 0.15039
1403715984.284059 0.89947 -1.41963 0.80749 0.75281 -0.19309 0.61745 0.12147
1403715984.384058 0.91731 -1.33523 0.81491 0.75957 -0.16529 0.62161 0.09662
1403715984.484059 0.90529 -1.24821 0.82496 0.76700 -0.12954 0.62407 0.07390
1403715984.584059 0.87577 -1.16961 0.83412 0.78012 -0.09470 0.61628 0.05142
1403715984.684058 0.83407 -1.09317 0.84180 0.79484 -0.05613 0.60351 0.02935
1403715984.784059 0.79095 -1.01568 0.84585 0.80271 -0.01992 0.59602 -0.00346
1403715984.884058 0.74876 -0.93685 0.85053 0.80298 0.01146 0.59468 -0.03791
1403715984.984059 0.68920 -0.86522 0.85628 0.79949 0.04900 0.59463 -0.06944
1403715985.084059 0.63379 -0.80639 0.86037 0.79473 0.08390 0.59494 -0.08608
1403715985.184058 0.57626 -0.75294 0.86417 0.79213 0.10790 0.59323 -0.09464
1403715985.284059 0.51124 -0.70101 0.87175 0.78944 0.12755 0.59388 -0.08850
1403715985.384058 0.44523 -0.64916 0.87756 0.78802 0.13813 0.59491 -0.07759
1403715985.484059 0.36545 -0.59299 0.88355 0.79214 0.12804 0.59184 -0.07641
1403715985.584059 0.28338 -0.54221 0.88678 0.80521 0.10972 0.57817 -0.07290
1403715985.684058 0.20110 -0.49050 0.88615 0.82347 0.09047 0.55623 -0.06577
1403715985.784059 0.12039 -0.43722 0.88180 0.84049 0.06995 0.53336 -0.06495
1403715985.884058 0.05428 -0.38228 0.86859 0.84820 0.05008 0.52300 -0.06718
1403715985.984059 -0.01831 -0.32390 0.84592 0.84578 0.03378 0.52805 -0.06838
1403715986.084059 -0.07999 -0.26624 0.81085 0.83990 0.02332 0.53798 -0.06779
1403715986.184058 -0.13395 -0.21710 0.76656 0.83456 0.01549 0.54625 -0.06988
1403715986.284059 -0.18297 -0.16689 0.71762 0.83088 0.01431 0.55229 -0.06637
1403715986.384058 -0.22262 -0.13184 0.67387 0.82313 0.02187 0.56483 -0.05427
1403715986.484059 -0.28155 -0.08794 0.62143 0.81811 0.02875 0.57265 -0.04413
1403715986.584059 -0.32809 -0.05408 0.56672 0.82776 0.03423 0.55874 -0.03808
1403715986.684058 -0.37179 -0.02039 0.50751 0.84233 0.03805 0.53646 -0.03536
1403715986.784059 -0.40108 0.00853 0.45307 0.84926 0.04081 0.52526 -0.03456
1403715986.884058 -0.41680 0.03638 0.40805 0.84666 0.04217 0.52935 -0.03432
1403715986.984059 -0.42050 0.06251 0.36210 0.83673 0.03823 0.54512 -0.03545
1403715987.084059 -0.41399 0.08293 0.32450 0.82268 0.02371 0.56664 -0.03936
1403715987.184058 -0.41166 0.10077 0.28563 0.81195 0.00079 0.58183 -0.04704
1403715987.284059 -0.40648 0.11066 0.25018 0.80378 -0.01854 0.59273 -0.04761
1403715987.384058 -0.40824 0.11177 0.21654 0.80237 -0.02613 0.59507 -0.03759
1403715987.484059 -0.41205 0.10995 0.18078 0.80517 -0.02323 0.59230 -0.01885
1403715987.584059 -0.41779 0.10773 0.14580 0.81128 -0.01977 0.58428 -0.00755
1403715987.684058 -0.42709 0.10252 0.11323 0.81433 -0.01666 0.58016 -0.00194
1403715987.784059 -0.43826 0.09573 0.08283 0.81843 -0.01224 0.57447 0.00168
1403715987.884058 -0.44969 0.08936 0.05068 0.82738 -0.00854 0.56158 0.00253
1403715987.984059 -0.45651 0.08262 0.01969 0.83537 -0.00479 0.54966 0.00175
1403715988.084059 -0.45786 0.07775 -0.00502 0.83480 -0.00176 0.55055 -0.00024
1403715988.184058 -0.45571 0.07389 -0.02586 0.82754 0.00160 0.56141 -0.00112
1403715988.284059 -0.45171 0.07195 -0.04371 0.81971 0.00479 0.57275 -0.00065
1403715988.384058 -0.44634 0.07262 -0.05782 0.81350 0.00618 0.58154 -0.00164
1403715988.484059 -0.44241 0.07340 -0.07300 0.80998 0.00291 0.58639 -0.00819
1403715988.584059 -0.44237 0.07540 -0.08584 0.80947 -0.00440 0.58688 -0.01763
1403715988.684058 -0.44189 0.07470 -0.09819 0.81124 -0.01310 0.58386 -0.02885
1403715988.784059 -0.44688 0.06997 -0.10669 0.81604 -0.01717 0.57681 -0.03285
1403715988.884058 -0.45097 0.06001 -0.11458 0.82182 -0.01426 0.56893 -0.02704
1403715988.984059 -0.45466 0.04489 -0.11776 0.82504 -0.01041 0.56464 -0.01940
1403715989.084059 -0.45864 0.02898 -0.12100 0.82631 -0.00798 0.56299 -0.01334
1403715989.184058 -0.46130 0.01287 -0.12215 0.82597 -0.00744 0.56357 -0.00990
1403715989.284059 -0.46130 -0.00518 -0.12366 0.82589 -0.00790 0.56372 -0.00811
1403715989.384058 -0.45995 -0.02238 -0.12342 0.82490 -0.00825 0.56518 -0.00679
1403715989.484059 -0.45699 -0.04265 -0.12157 0.82536 -0.00856 0.56450 -0.00633
1403715989.584059 -0.45013 -0.06208 -0.12203 0.82472 -0.00837 0.56545 -0.00558
1403715989.684058 -0.44090 -0.08100 -0.12230 0.81927 -0.00702 0.57336 -0.00329
1403715989.784059 -0.43162 -0.10055 -0.12497 0.81458 -0.00519 0.58002 -0.00187
1403715989.884058 -0.42335 -0.12062 -0.13086 0.81254 -0.00234 0.58289 -0.00039
1403715989.984059 -0.41683 -0.13861 -0.13924 0.81222 0.00146 0.58334 0.00276
1403715990.084059 -0.41411 -0.14992 -0.14774 0.81280 0.00350 0.58253 0.00355
1403715990.184058 -0.41279 -0.15894 -0.15918 0.81415 0.00466 0.58063 0.00359
1403715990.284059 -0.41293 -0.16469 -0.17312 0.81531 0.00644 0.57897 0.00465
1403715990.384058 -0.41393 -0.16459 -0.18805 0.81583 0.00814 0.57820 0.00603
1403715990.484059 -0.41399 -0.16663 -0.21173 0.81745 0.01033 0.57586 0.00756
1403715990.584059 -0.41420 -0.16470 -0.24092 0.81903 0.01092 0.57360 0.00732
1403715990.684058 -0.41515 -0.15794 -0.27354 0.82225 0.01192 0.56895 0.00781
1403715990.784059 -0.41447 -0.14793 -0.30777 0.82472 0.01232 0.56536 0.00761
1403715990.884058 -0.41193 -0.13338 -0.33846 0.82761 0.01308 0.56109 0.00824
1403715990.984059 -0.40536 -0.11272 -0.36741 0.82832 0.01455 0.55999 0.00895
1403715991.084059 -0.39518 -0.08720 -0.38864 0.82454 0.01537 0.56552 0.00895
1403715991.184058 -0.38874 -0.07041 -0.38897 0.81968 0.01371 0.57263 0.00577
1403715991.284059 -0.38861 -0.06418 -0.38936 0.81903 0.02008 0.57321 0.01492
1403715991.384058 -0.38856 -0.06873 -0.39619 0.81833 0.00869 0.57469 -0.00006
1403715991.484059 -0.38824 -0.06658 -0.39586 0.81824 0.01020 0.57478 0.00265
1403715991.584059 -0.38852 -0.06695 -0.39674 0.81792 0.01004 0.57523 0.00225
1403715991.684058 -0.38828 -0.06722 -0.39677 0.81871 0.01025 0.57410 0.00217
1403715991.784059 -0.38850 -0.06714 -0.39668 0.81849 0.01022 0.57442 0.00222
1403715991.884058 -0.38865 -0.06698 -0.39688 0.81824 0.01013 0.57478 0.00205
1403715991.984059 -0.38865 -0.06699 -0.39701 0.81837 0.00999 0.57460 0.00184
1403715992.084059 -0.38860 -0.06694 -0.39707 0.81856 0.00990 0.57433 0.00167
1403715992.184058 -0.38862 -0.06689 -0.39710 0.81854 0.00987 0.57436 0.00146
1403715992.284059 -0.38870 -0.06690 -0.39712 0.81835 0.00988 0.57463 0.00157
1403715992.384058 -0.38868 -0.06686 -0.39718 0.81842 0.00988 0.57454 0.00156
1403715992.484059 -0.38869 -0.06684 -0.39721 0.81844 0.00992 0.57450 0.00161
1403715992.584059 -0.38868 -0.06684 -0.39724 0.81846 0.00990 0.57447 0.00156
1403715992.684058 -0.38870 -0.06683 -0.39727 0.81842 0.00995 0.57453 0.00158
1403715992.784059 -0.38871 -0.06680 -0.39729 0.81840 0.00987 0.57456 0.00152
1403715992.884058 -0.38871 -0.06682 -0.39732 0.81843 0.00989 0.57452 0.00154
1403715992.984059 -0.38872 -0.06681 -0.39733 0.81842 0.00992 0.57453 0.00155
1403715993.084059 -0.38874 -0.06679 -0.39735 0.81839 0.00993 0.57457 0.00156
1403715993.184058 -0.38873 -0.06681 -0.39738 0.81838 0.00994 0.57459 0.00157
1403715993.284059 -0.38873 -0.06680 -0.39740 0.81834 0.00997 0.57465 0.00151
1403715993.384058 -0.38872 -0.06680 -0.39744 0.81835 0.00999 0.57463 0.00148
1403715993.484059 -0.38873 -0.06678 -0.39745 0.81831 0.00994 0.57468 0.00149
1403715993.584059 -0.38874 -0.06678 -0.39747 0.81827 0.00991 0.57475 0.00137
1403715993.684058 -0.38869 -0.06679 -0.39754 0.81841 0.00991 0.57455 0.00138
1403715993.784059 -0.38866 -0.06655 -0.39759 0.81839 0.00985 0.57458 0.00130
1403715993.884058 -0.38876 -0.06671 -0.39752 0.81815 0.00989 0.57492 0.00163
1403715993.984059 -0.38888 -0.06678 -0.39753 0.81790 0.01003 0.57527 0.00155
