1413393218.055760 -0.17845 0.17817 0.24004 0.80603 0.00341 0.59178 0.01035
1413393218.155761 -0.20296 0.21128 0.25836 0.80636 -0.00324 0.59142 0.00224
1413393218.255760 -0.22923 0.24517 0.26863 0.80677 -0.01212 0.59067 -0.00917
1413393218.355761 -0.25795 0.27615 0.27072 0.80796 -0.01603 0.58886 -0.01343
1413393218.455760 -0.28675 0.30288 0.26507 0.80752 -0.01094 0.58973 -0.00308
1413393218.555760 -0.31620 0.32886 0.25666 0.80688 -0.00490 0.59064 0.00833
1413393218.655761 -0.34789 0.35468 0.25084 0.80573 -0.00088 0.59211 0.01413
1413393218.755760 -0.37986 0.38147 0.24634 0.80699 -0.00059 0.59036 0.01563
1413393218.855761 -0.41333 0.40905 0.24309 0.81517 -0.00497 0.57910 0.01090
1413393218.955760 -0.44647 0.43639 0.24241 0.82431 -0.00906 0.56605 0.00475
1413393219.055760 -0.47780 0.46215 0.24566 0.82835 -0.01183 0.56008 0.00119
1413393219.155761 -0.49367 0.48583 0.25252 0.82757 -0.01193 0.56124 0.00063
1413393219.255760 -0.50475 0.50510 0.26272 0.82641 -0.01062 0.56297 -0.00049
1413393219.355761 -0.51342 0.52317 0.27531 0.82575 -0.00936 0.56396 -0.00180
1413393219.455760 -0.51724 0.54134 0.28576 0.82477 -0.00942 0.56538 -0.00339
1413393219.555760 -0.51823 0.55839 0.28796 0.82292 -0.00871 0.56807 -0.00346
1413393219.655761 -0.51460 0.57256 0.28689 0.82021 -0.00855 0.57199 -0.00305
1413393219.755760 -0.50931 0.58366 0.29529 0.81612 -0.00676 0.57784 -0.00106
1413393219.855761 -0.50155 0.59104 0.31941 0.81342 -0.00436 0.58165 0.00263
1413393219.955760 -0.49503 0.59871 0.35490 0.81179 -0.00200 0.58392 0.00584
1413393220.055760 -0.49145 0.60779 0.38558 0.81030 -0.00130 0.58596 0.00765
1413393220.155761 -0.48958 0.61649 0.41022 0.80986 -0.00122 0.58655 0.00896
1413393220.255760 -0.48700 0.62576 0.43336 0.80928 -0.00094 0.58733 0.00998
1413393220.355761 -0.48394 0.63465 0.45906 0.80902 -0.00023 0.58768 0.01082
1413393220.455760 -0.48371 0.64577 0.48416 0.80982 -0.00064 0.58657 0.01129
1413393220.555760 -0.48501 0.65797 0.50773 0.81269 -0.00187 0.58260 0.01060
1413393220.655761 -0.48608 0.66975 0.52168 0.81322 -0.00210 0.58186 0.01050
1413393220.755760 -0.48930 0.68264 0.52363 0.81332 -0.00530 0.58175 0.00756
1413393220.855761 -0.49292 0.69483 0.52212 0.81618 -0.01127 0.57769 0.00023
1413393220.955760 -0.49641 0.70470 0.53160 0.81790 -0.01371 0.57519 -0.00309
1413393221.055760 -0.49876 0.71073 0.55415 0.81841 -0.01498 0.57444 -0.00053
1413393221.155761 -0.49894 0.71535 0.58063 0.81986 -0.01572 0.57234 0.00177
1413393221.255760 -0.49866 0.71693 0.60916 0.82212 -0.01528 0.56909 0.00419
1413393221.355761 -0.49656 0.71629 0.63788 0.82494 -0.01457 0.56498 0.00797
1413393221.455760 -0.49165 0.71439 0.66708 0.82664 -0.01245 0.56247 0.01208
1413393221.555760 -0.48426 0.71207 0.68970 0.82813 -0.00957 0.56022 0.01636
1413393221.655761 -0.47409 0.70970 0.70557 0.82809 -0.00705 0.56022 0.01947
1413393221.755760 -0.46595 0.70887 0.72607 0.82391 -0.00677 0.56634 0.01953
1413393221.855761 -0.45110 0.70975 0.74106 0.82074 -0.00499 0.57096 0.01937
1413393221.955760 -0.43819 0.71141 0.76018 0.81952 -0.00518 0.57277 0.01693
1413393222.055760 -0.42520 0.71405 0.76652 0.81949 -0.00535 0.57284 0.01615
1413393222.155761 -0.41369 0.71499 0.76067 0.81937 -0.00445 0.57306 0.01450
1413393222.255760 -0.40409 0.71722 0.74093 0.82046 -0.00389 0.57153 0.01359
1413393222.355761 -0.39549 0.71998 0.71374 0.82510 -0.00346 0.56480 0.01397
1413393222.455760 -0.38618 0.72299 0.68941 0.83031 -0.00213 0.55711 0.01447
1413393222.555760 -0.37175 0.72648 0.67237 0.83313 -0.00342 0.55297 0.01058
1413393222.655761 -0.35339 0.73048 0.66481 0.83509 -0.00339 0.55002 0.00901
1413393222.755760 -0.33199 0.73508 0.66594 0.83594 -0.00230 0.54876 0.00820
1413393222.855761 -0.30492 0.73981 0.67489 0.83843 -0.00164 0.54496 0.00663
1413393222.955760 -0.27266 0.74474 0.69171 0.84015 -0.00031 0.54234 0.00404
1413393223.055760 -0.23393 0.74985 0.71425 0.83784 0.00257 0.54590 0.00336
1413393223.155761 -0.19037 0.75438 0.73710 0.83549 0.00492 0.54947 0.00332
1413393223.255760 -0.14375 0.75908 0.75946 0.83347 0.00884 0.55246 0.00573
1413393223.355761 -0.09425 0.76428 0.77549 0.83159 0.01036 0.55527 0.00594
1413393223.455760 -0.04298 0.77092 0.77195 0.82882 0.01165 0.55935 0.00712
1413393223.555760 0.00813 0.77770 0.74766 0.82486 0.01157 0.56517 0.00759
1413393223.655761 0.05842 0.78486 0.70811 0.82127 0.01068 0.57035 0.00982
1413393223.755760 0.10940 0.79343 0.66921 0.82001 0.00825 0.57217 0.01211
1413393223.855761 0.15930 0.80481 0.64302 0.81991 0.00494 0.57229 0.01415
1413393223.955760 0.20912 0.81803 0.63255 0.82000 0.00279 0.57206 0.01840
1413393224.055760 0.25899 0.83414 0.63120 0.81984 -0.00077 0.57226 0.01960
1413393224.155761 0.30656 0.85177 0.62514 0.81875 -0.00317 0.57375 0.02110
1413393224.255760 0.35300 0.87067 0.60923 0.81766 -0.00422 0.57520 0.02365
1413393224.355761 0.39764 0.89136 0.58293 0.81626 -0.00518 0.57712 0.02497
1413393224.455760 0.44130 0.91242 0.54443 0.81526 -0.01138 0.57835 0.02690
1413393224.555760 0.48140 0.93439 0.49864 0.81462 -0.02376 0.57881 0.02861
1413393224.655761 0.51898 0.95524 0.44895 0.81261 -0.04035 0.58053 0.03201
1413393224.755760 0.55210 0.97602 0.40451 0.81417 -0.05780 0.57660 0.03635
1413393224.855761 0.58252 0.99593 0.36428 0.81545 -0.07422 0.57234 0.04429
1413393224.955760 0.60948 1.01410 0.33398 0.81579 -0.08516 0.56981 0.05051
1413393225.055760 0.63714 1.03278 0.31612 0.81715 -0.08848 0.56681 0.05628
1413393225.155761 0.66988 1.05113 0.30586 0.81738 -0.08963 0.56602 0.05899
1413393225.255760 0.69861 1.07094 0.29948 0.81842 -0.08971 0.56473 0.05677
1413393225.355761 0.73219 1.08849 0.29011 0.81857 -0.09143 0.56437 0.05531
1413393225.455760 0.76101 1.10299 0.28770 0.81810 -0.10216 0.56330 0.05444
1413393225.555760 0.79022 1.11105 0.28900 0.81590 -0.12023 0.56262 0.05746
1413393225.655761 0.82300 1.11244 0.29013 0.81192 -0.14207 0.56240 0.06567
1413393225.755760 0.85033 1.10577 0.29930 0.80712 -0.16320 0.56130 0.08288
1413393225.855761 0.87556 1.09532 0.31009 0.80101 -0.18219 0.56003 0.10752
1413393225.955760 0.89907 1.08221 0.30744 0.79473 -0.19894 0.55752 0.13413
1413393226.055760 0.92405 1.06975 0.28846 0.78695 -0.21661 0.55616 0.15644
1413393226.155761 0.95196 1.06160 0.26700 0.77969 -0.23570 0.55555 0.16703
1413393226.255760 0.98123 1.05516 0.25595 0.77476 -0.25244 0.55349 0.17227
1413393226.355761 1.01101 1.04911 0.25565 0.77232 -0.26679 0.55025 0.17193
1413393226.455760 1.04061 1.04266 0.25572 0.77449 -0.27800 0.54188 0.17104
1413393226.555760 1.07210 1.03406 0.24757 0.77634 -0.28675 0.53499 0.16989
1413393226.655761 1.10156 1.02166 0.23246 0.77641 -0.29258 0.53106 0.17193
1413393226.755760 1.13250 1.00378 0.21790 0.77388 -0.28826 0.53279 0.18481
1413393226.855761 1.16409 0.98430 0.20641 0.77260 -0.28333 0.53353 0.19536
1413393226.955760 1.19762 0.96428 0.19688 0.77251 -0.27935 0.53318 0.20226
1413393227.055760 1.23544 0.94551 0.18862 0.77212 -0.27753 0.53432 0.20324
1413393227.155761 1.27398 0.92915 0.18305 0.76955 -0.27884 0.53801 0.20146
1413393227.255760 1.31653 0.91392 0.17976 0.76692 -0.28188 0.54240 0.19539
1413393227.355761 1.35637 0.89887 0.17889 0.76573 -0.28443 0.54368 0.19278
1413393227.455760 1.39536 0.88421 0.17952 0.76566 -0.28734 0.54332 0.18972
1413393227.555760 1.43761 0.86728 0.17965 0.76404 -0.28994 0.54451 0.18894
1413393227.655761 1.47587 0.84972 0.18106 0.76091 -0.29629 0.54468 0.19117
1413393227.755760 1.51392 0.82873 0.18133 0.75710 -0.30704 0.54216 0.19642
1413393227.855761 1.54734 0.80607 0.17976 0.75119 -0.32087 0.53969 0.20369
1413393227.955760 1.57880 0.78232 0.17682 0.74324 -0.33698 0.53699 0.21373
1413393228.055760 1.60895 0.75547 0.17169 0.73420 -0.35526 0.53221 0.22694
1413393228.155761 1.63651 0.72609 0.16679 0.72538 -0.37427 0.52487 0.24136
1413393228.255760 1.66231 0.69455 0.16302 0.71852 -0.39029 0.51614 0.25497
1413393228.355761 1.68618 0.66155 0.16143 0.71237 -0.40221 0.50907 0.26758
1413393228.455760 1.70751 0.62796 0.16120 0.70484 -0.41470 0.50270 0.28021
1413393228.555760 1.72816 0.59413 0.16219 0.69537 -0.42636 0.49953 0.29180
1413393228.655761 1.74883 0.56176 0.16354 0.68840 -0.43867 0.49395 0.29947
1413393228.755760 1.77044 0.52932 0.16494 0.68455 -0.44728 0.48830 0.30480
1413393228.855761 1.79081 0.49609 0.16562 0.68349 -0.45606 0.48301 0.30258
1413393228.955760 1.81109 0.45987 0.16448 0.68422 -0.46193 0.47838 0.29937
1413393229.055760 1.83193 0.41983 0.16075 0.68615 -0.45904 0.47422 0.30593
1413393229.155761 1.85064 0.37868 0.15596 0.68749 -0.45244 0.47306 0.31443
1413393229.255760 1.87246 0.33579 0.14712 0.68920 -0.44622 0.47223 0.32076
1413393229.355761 1.89660 0.29393 0.13488 0.68901 -0.44221 0.47391 0.32424
1413393229.455760 1.92647 0.25106 0.11961 0.68587 -0.44208 0.48051 0.32132
1413393229.555760 1.95912 0.20701 0.10442 0.68259 -0.44580 0.48749 0.31254
1413393229.655761 1.99298 0.16462 0.09100 0.68179 -0.45154 0.48978 0.30230
1413393229.755760 2.02689 0.11801 0.08007 0.68462 -0.45447 0.48711 0.29577
1413393229.855761 2.05681 0.07223 0.07306 0.68962 -0.45717 0.48099 0.28996
1413393229.955760 2.08613 0.02132 0.07058 0.69362 -0.45731 0.47649 0.28761
1413393230.055760 2.11628 -0.03543 0.07260 0.69668 -0.45031 0.47391 0.29541
1413393230.155761 2.14898 -0.09859 0.07503 0.69789 -0.44223 0.47424 0.30409
1413393230.255760 2.18358 -0.16250 0.07313 0.69832 -0.43634 0.47593 0.30895
1413393230.355761 2.22182 -0.22747 0.06774 0.69653 -0.43563 0.48042 0.30704
1413393230.455760 2.26055 -0.28996 0.06019 0.69338 -0.43868 0.48477 0.30296
1413393230.555760 2.29758 -0.35184 0.05378 0.68810 -0.44792 0.48555 0.30022
1413393230.655761 2.33325 -0.41395 0.05124 0.67980 -0.46195 0.48351 0.30115
1413393230.755760 2.37138 -0.48758 0.05271 0.66915 -0.47740 0.47976 0.30685
1413393230.855761 2.40874 -0.56620 0.05784 0.65781 -0.49333 0.47340 0.31592
1413393230.955760 2.44027 -0.64589 0.06477 0.64819 -0.50632 0.46195 0.33180
1413393231.055760 2.46977 -0.72702 0.07453 0.64255 -0.51366 0.44738 0.35091
1413393231.155761 2.50129 -0.80998 0.08529 0.63800 -0.51733 0.43728 0.36621
1413393231.255760 2.53494 -0.89022 0.09696 0.63442 -0.52165 0.43061 0.37413
1413393231.355761 2.57311 -0.96924 0.10455 0.62869 -0.52723 0.43138 0.37507
1413393231.455760 2.61452 -1.04837 0.10260 0.62071 -0.53212 0.43872 0.37295
1413393231.555760 2.65575 -1.12465 0.09330 0.60841 -0.53212 0.45432 0.37454
1413393231.655761 2.69425 -1.19566 0.07639 0.59755 -0.53099 0.46731 0.37762
1413393231.755760 2.72605 -1.25717 0.05649 0.59313 -0.53439 0.46712 0.38002
1413393231.855761 2.75203 -1.31291 0.04047 0.58917 -0.54511 0.46226 0.37689
1413393231.955760 2.77433 -1.37066 0.02871 0.58346 -0.56146 0.45406 0.37171
1413393232.055760 2.78890 -1.42529 0.02104 -0.57593 0.57606 -0.44422 -0.37300
1413393232.155761 2.79480 -1.47635 0.01756 -0.56736 0.58813 -0.43205 -0.38148
1413393232.255760 2.79587 -1.52838 0.01309 -0.55730 0.59713 -0.41938 -0.39621
1413393232.355761 2.79120 -1.57793 0.00228 -0.54397 0.60871 -0.40903 -0.40776
1413393232.455760 2.78218 -1.62721 -0.01490 -0.53156 0.62175 -0.39765 -0.41563
1413393232.555760 2.76782 -1.67502 -0.03738 -0.51977 0.63330 -0.38850 -0.42169
1413393232.655761 2.75059 -1.72661 -0.06462 -0.51121 0.64071 -0.38292 -0.42607
1413393232.755760 2.72924 -1.77869 -0.08940 -0.50601 0.64444 -0.37866 -0.43042
1413393232.855761 2.70266 -1.82938 -0.11113 -0.50283 0.64679 -0.37540 -0.43349
1413393232.955760 2.67259 -1.88219 -0.12989 -0.50436 0.64699 -0.36975 -0.43625
1413393233.055760 2.64006 -1.93749 -0.14249 -0.50846 0.64511 -0.36361 -0.43943
1413393233.155761 2.60645 -1.99352 -0.14698 -0.51136 0.64432 -0.35947 -0.44061
1413393233.255760 2.57188 -2.05078 -0.14160 -0.51033 0.64187 -0.35817 -0.44640
1413393233.355761 2.53616 -2.11190 -0.12680 -0.50378 0.64001 -0.35791 -0.45661
1413393233.455760 2.50222 -2.17152 -0.10495 -0.49060 0.64232 -0.35896 -0.46677
1413393233.555760 2.46815 -2.22927 -0.07562 -0.47827 0.64870 -0.35335 -0.47496
1413393233.655761 2.43532 -2.28339 -0.04176 -0.46890 0.66000 -0.33776 -0.48006
1413393233.755760 2.40512 -2.33357 0.00025 -0.45784 0.67126 -0.32070 -0.48677
1413393233.855761 2.37919 -2.38102 0.04788 -0.44306 0.67660 -0.31361 -0.49755
1413393233.955760 2.35706 -2.42628 0.09427 0.42720 -0.68088 0.31174 0.50668
1413393234.055760 2.33782 -2.46928 0.13883 0.40980 -0.69162 0.30916 0.50808
1413393234.155761 2.32005 -2.50849 0.17973 0.39519 -0.70419 0.30146 0.50701
1413393234.255760 2.30071 -2.54646 0.21331 0.37678 -0.71100 0.30291 0.51065
1413393234.355761 2.27945 -2.58010 0.23956 0.34736 -0.71272 0.31843 0.51959
1413393234.455760 2.25527 -2.60474 0.25901 0.31952 -0.71500 0.32948 0.52738
1413393234.555760 2.22732 -2.61376 0.27278 0.30220 -0.71799 0.32457 0.53649
1413393234.655761 2.19547 -2.60517 0.29169 0.30323 -0.71946 0.29077 0.55307
1413393234.755760 2.16665 -2.58129 0.32769 0.31008 -0.72531 0.24682 0.56290
1413393234.855761 2.14443 -2.55073 0.36737 0.30970 -0.73884 0.21205 0.55968
1413393234.955760 2.12787 -2.52061 0.39196 0.29278 -0.75318 0.19894 0.55445
1413393235.055760 2.11679 -2.49128 0.39596 0.26623 -0.76622 0.19715 0.55059
1413393235.155761 2.10642 -2.46253 0.38030 0.24026 -0.77661 0.19190 0.54985
1413393235.255760 2.09355 -2.43369 0.35571 0.22535 -0.78337 0.17127 0.55337
1413393235.355761 2.08141 -2.40540 0.33129 0.21788 -0.78983 0.14469 0.55476
1413393235.455760 2.06791 -2.38094 0.31048 0.21366 -0.79643 0.12495 0.55176
1413393235.555760 2.05136 -2.36412 0.29274 0.21419 -0.79821 0.10665 0.55281
1413393235.655761 2.03498 -2.35571 0.27880 0.21518 -0.79336 0.08763 0.56268
1413393235.755760 2.02197 -2.35975 0.26700 0.20968 -0.78981 0.08232 0.57049
1413393235.855761 2.01350 -2.37711 0.25933 0.19602 -0.78971 0.09512 0.57349
1413393235.955760 2.00847 -2.39999 0.25421 0.17431 -0.79136 0.11690 0.57420
1413393236.055760 2.00340 -2.42371 0.25132 0.15380 -0.79197 0.12837 0.57675
1413393236.155761 2.00077 -2.44339 0.25469 0.13430 -0.79456 0.12864 0.57801
1413393236.255760 2.00175 -2.45737 0.26092 0.12241 -0.79964 0.10958 0.57757
1413393236.355761 2.00406 -2.46795 0.26932 0.11143 -0.80388 0.08358 0.57825
1413393236.455760 2.00408 -2.47972 0.28085 0.09382 -0.80816 0.06838 0.57740
1413393236.555760 2.00381 -2.49225 0.29229 0.07384 -0.81583 0.05669 0.57075
1413393236.655761 2.00080 -2.50569 0.30292 0.05445 -0.82605 0.04623 0.55906
1413393236.755760 1.99229 -2.52023 0.30365 0.03524 -0.82956 0.04338 0.55562
1413393236.855761 1.97923 -2.53286 0.29761 0.01638 -0.82780 0.04434 0.55903
1413393236.955760 1.95850 -2.54148 0.29439 0.00804 -0.82335 0.03940 0.56610
1413393237.055760 1.93361 -2.54566 0.30484 0.00970 -0.81811 0.02915 0.57424
1413393237.155761 1.90769 -2.54733 0.32596 0.01839 -0.81326 0.01437 0.58143
1413393237.255760 1.88268 -2.55030 0.34370 0.02832 -0.80984 0.00169 0.58596
1413393237.355761 1.85771 -2.55869 0.34829 0.03502 -0.81005 -0.00475 0.58530
1413393237.455760 1.83328 -2.57363 0.34081 0.03650 -0.80901 -0.00261 0.58665
1413393237.555760 1.81231 -2.59348 0.33039 0.02985 -0.80903 0.01311 0.58686
1413393237.655761 1.79260 -2.61553 0.32117 0.02128 -0.81032 0.03136 0.58476
1413393237.755760 1.77376 -2.63581 0.31370 0.01648 -0.81193 0.04394 0.58187
1413393237.855761 1.75552 -2.65225 0.30850 0.01744 -0.81443 0.04680 0.57810
1413393237.955760 1.73662 -2.66459 0.30490 0.02215 -0.81741 0.04231 0.57408
1413393238.055760 1.71759 -2.67259 0.29776 0.03280 -0.82249 0.02796 0.56715
1413393238.155761 1.69609 -2.68120 0.29475 0.03818 -0.82507 0.01722 0.56347
1413393238.255760 1.66921 -2.69167 0.29559 0.04033 -0.82582 0.01009 0.56240
1413393238.355761 1.63870 -2.70608 0.30679 0.03786 -0.82681 0.00627 0.56116
1413393238.455760 1.60054 -2.72537 0.32849 0.03211 -0.82524 0.00888 0.56380
1413393238.555760 1.56124 -2.74703 0.35070 0.01854 -0.82222 0.02275 0.56842
1413393238.655761 1.52292 -2.76492 0.36528 0.00380 -0.81889 0.03962 0.57257
1413393238.755760 1.47939 -2.78090 0.36786 -0.00592 -0.81687 0.05039 0.57458
1413393238.855761 1.43391 -2.79009 0.36542 -0.00691 -0.81572 0.04935 0.57630
1413393238.955760 1.38565 -2.79290 0.36292 0.00128 -0.81589 0.03566 0.57710
1413393239.055760 1.34092 -2.78825 0.36542 0.01189 -0.81583 0.01833 0.57788
1413393239.155761 1.29503 -2.78375 0.36767 0.01855 -0.81561 0.00714 0.57826
1413393239.255760 1.24832 -2.78198 0.36970 0.02220 -0.81563 0.00138 0.57814
1413393239.355761 1.20032 -2.78477 0.37109 0.02386 -0.81655 -0.00191 0.57677
1413393239.455760 1.15255 -2.79062 0.37622 0.02279 -0.81743 -0.00173 0.57558
1413393239.555760 1.10336 -2.80222 0.38316 0.02308 -0.81778 -0.00190 0.57507
1413393239.655761 1.05278 -2.81764 0.39220 0.01628 -0.81836 0.00979 0.57439
1413393239.755760 1.00344 -2.83333 0.40350 0.00350 -0.81841 0.02951 0.57387
1413393239.855761 0.95066 -2.84653 0.41402 -0.00196 -0.81950 0.03779 0.57183
1413393239.955760 0.89602 -2.85490 0.42359 0.00083 -0.82035 0.03451 0.57083
1413393240.055760 0.83903 -2.85917 0.43442 0.00827 -0.81875 0.02525 0.57353
1413393240.155761 0.77988 -2.86230 0.44574 0.01854 -0.81594 0.01201 0.57771
1413393240.255760 0.72287 -2.86658 0.45030 0.02466 -0.81507 0.00544 0.57882
1413393240.355761 0.66697 -2.87350 0.44516 0.02372 -0.81529 0.00839 0.57851
1413393240.455760 0.61114 -2.88237 0.43081 0.01819 -0.81471 0.01729 0.57933
1413393240.555760 0.55465 -2.89170 0.41134 0.01101 -0.81428 0.02769 0.57971
1413393240.655761 0.49714 -2.89906 0.39983 0.00697 -0.81425 0.03207 0.57959
1413393240.755760 0.43191 -2.90348 0.40628 0.00772 -0.81368 0.02682 0.58065
1413393240.855761 0.37051 -2.90535 0.41857 0.01136 -0.81036 0.01710 0.58557
1413393240.955760 0.31019 -2.90773 0.42203 0.01174 -0.80485 0.01092 0.59326
1413393241.055760 0.25720 -2.91012 0.41301 0.01016 -0.79995 0.00860 0.59992
1413393241.155761 0.20895 -2.91228 0.39150 0.00197 -0.79924 0.01580 0.60079
1413393241.255760 0.16402 -2.91432 0.36270 -0.00698 -0.80126 0.02456 0.59777
1413393241.355761 0.12502 -2.91341 0.33604 -0.01181 -0.80891 0.02665 0.58721
1413393241.455760 0.08890 -2.90810 0.31241 -0.01246 -0.81512 0.02328 0.57869
1413393241.555760 0.04994 -2.89896 0.29379 -0.00727 -0.81552 0.01353 0.57852
1413393241.655761 0.00999 -2.88766 0.27868 -0.00070 -0.81254 0.00387 0.58289
1413393241.755760 -0.02746 -2.87828 0.26272 0.00385 -0.81071 -0.00261 0.58543
1413393241.855761 -0.06570 -2.87041 0.24874 0.00757 -0.81195 -0.00542 0.58365
1413393241.955760 -0.10248 -2.86803 0.23715 0.01037 -0.80864 -0.00625 0.58818
1413393242.055760 -0.13719 -2.87004 0.22763 0.01270 -0.80414 -0.00515 0.59428
1413393242.155761 -0.16854 -2.87480 0.22199 0.01355 -0.79809 -0.00142 0.60238
1413393242.255760 -0.19438 -2.88400 0.21678 0.01254 -0.79162 0.00451 0.61087
1413393242.355761 -0.20872 -2.89430 0.21679 0.00952 -0.79179 0.01087 0.61062
1413393242.455760 -0.21773 -2.90549 0.21668 0.00267 -0.80040 0.02244 0.59904
1413393242.555760 -0.22338 -2.91461 0.21503 -0.00460 -0.81196 0.03433 0.58268
1413393242.655761 -0.23010 -2.91965 0.21753 -0.00769 -0.81903 0.03941 0.57235
1413393242.755760 -0.23836 -2.91889 0.22314 -0.01092 -0.81976 0.04507 0.57083
1413393242.855761 -0.25000 -2.91146 0.23063 -0.00493 -0.81815 0.04588 0.57315
1413393242.955760 -0.26438 -2.89780 0.23915 0.01543 -0.81802 0.03690 0.57380
1413393243.055760 -0.28044 -2.88260 0.24836 0.03776 -0.81991 0.03491 0.57017
1413393243.155761 -0.29974 -2.86934 0.25929 0.05926 -0.82018 0.04222 0.56747
1413393243.255760 -0.32132 -2.85843 0.27338 0.07937 -0.81166 0.05460 0.57613
1413393243.355761 -0.34370 -2.84833 0.28310 0.09390 -0.80194 0.06597 0.58627
1413393243.455760 -0.36425 -2.83834 0.28338 0.10351 -0.79526 0.07449 0.59270
1413393243.555760 -0.38159 -2.82940 0.27333 0.10984 -0.79194 0.08117 0.59513
1413393243.655761 -0.39375 -2.82068 0.25664 0.11486 -0.79163 0.08447 0.59414
1413393243.755760 -0.40058 -2.81254 0.24166 0.11911 -0.79407 0.08516 0.58993
1413393243.855761 -0.40366 -2.80491 0.23224 0.12101 -0.79602 0.08603 0.58678
1413393243.955760 -0.40290 -2.79916 0.22655 0.12246 -0.79626 0.08555 0.58622
1413393244.055760 -0.39948 -2.79434 0.22504 0.12362 -0.79610 0.08424 0.58638
1413393244.155761 -0.39262 -2.79180 0.22588 0.12575 -0.79645 0.08276 0.58567
1413393244.255760 -0.38245 -2.79266 0.22698 0.13266 -0.79586 0.08706 0.58432
1413393244.355761 -0.36982 -2.79706 0.22779 0.14514 -0.79504 0.09458 0.58129
1413393244.455760 -0.35469 -2.80456 0.22623 0.15415 -0.79137 0.10512 0.58216
1413393244.555760 -0.33664 -2.81212 0.21326 0.15935 -0.78890 0.11599 0.58206
1413393244.655761 -0.31607 -2.81932 0.19225 0.16319 -0.78885 0.12468 0.57926
1413393244.755760 -0.29191 -2.82485 0.17774 0.16432 -0.78867 0.13236 0.57748
1413393244.855761 -0.26528 -2.82792 0.17354 0.16199 -0.78963 0.14083 0.57482
1413393244.955760 -0.24329 -2.82944 0.18944 0.16070 -0.78945 0.14338 0.57480
1413393245.055760 -0.22100 -2.82584 0.20944 0.16342 -0.79303 0.13815 0.57037
1413393245.155761 -0.19705 -2.81955 0.22081 0.16572 -0.79846 0.13307 0.56329
1413393245.255760 -0.17369 -2.81153 0.22187 0.16753 -0.80255 0.12860 0.55795
1413393245.355761 -0.15289 -2.80361 0.21466 0.16989 -0.80270 0.12422 0.55801
1413393245.455760 -0.13410 -2.79692 0.19682 0.17195 -0.80014 0.12023 0.56191
1413393245.555760 -0.11580 -2.79145 0.17475 0.17352 -0.79677 0.11682 0.56692
1413393245.655761 -0.09947 -2.78836 0.15242 0.17412 -0.79338 0.11324 0.57219
1413393245.755760 -0.08184 -2.78780 0.13430 0.17373 -0.79315 0.10865 0.57352
1413393245.855761 -0.06366 -2.79025 0.11743 0.16925 -0.79486 0.10834 0.57255
1413393245.955760 -0.04406 -2.79517 0.10484 0.16111 -0.79882 0.11354 0.56836
1413393246.055760 -0.02517 -2.80063 0.09218 0.14999 -0.80491 0.12408 0.56056
1413393246.155761 -0.00872 -2.80446 0.08111 0.14168 -0.80998 0.13229 0.55349
1413393246.255760 0.00248 -2.80601 0.07188 0.14673 -0.80747 0.13572 0.55501
1413393246.355761 0.00975 -2.80544 0.06398 0.16580 -0.79923 0.13270 0.56226
1413393246.455760 0.01612 -2.80391 0.05630 0.18238 -0.78976 0.13316 0.57034
1413393246.555760 0.02382 -2.80185 0.04952 0.19352 -0.78334 0.13614 0.57480
1413393246.655761 0.03153 -2.80027 0.04163 0.20149 -0.78253 0.13788 0.57274
1413393246.755760 0.04201 -2.79918 0.03499 0.20630 -0.78267 0.13889 0.57059
1413393246.855761 0.05409 -2.79910 0.02731 0.20922 -0.78173 0.13945 0.57068
1413393246.955760 0.06880 -2.80144 0.01618 0.21160 -0.77888 0.14191 0.57309
1413393247.055760 0.08537 -2.80488 0.00073 0.21402 -0.77817 0.14390 0.57266
1413393247.155761 0.10453 -2.81041 -0.01753 0.21576 -0.77838 0.14698 0.57093
1413393247.255760 0.12688 -2.81855 -0.04140 0.21643 -0.78385 0.15181 0.56186
1413393247.355761 0.14780 -2.82665 -0.06868 0.21709 -0.79351 0.15544 0.54686
1413393247.455760 0.16466 -2.83578 -0.09489 0.21693 -0.80028 0.16039 0.53551
1413393247.555760 0.17467 -2.84519 -0.11910 0.21528 -0.80389 0.16633 0.52891
1413393247.655761 0.17585 -2.85470 -0.14124 0.21338 -0.80565 0.17393 0.52454
1413393247.755760 0.16800 -2.86420 -0.16250 0.21352 -0.80420 0.17962 0.52478
1413393247.855761 0.15159 -2.87249 -0.18270 0.21245 -0.80254 0.18718 0.52513
1413393247.955760 0.12754 -2.87813 -0.19910 0.21156 -0.78790 0.19545 0.54429
1413393248.055760 0.09818 -2.87818 -0.21233 0.21529 -0.77294 0.19490 0.56411
1413393248.155761 0.07062 -2.87140 -0.22552 0.21990 -0.76582 0.19066 0.57343
1413393248.255760 0.04518 -2.85820 -0.23202 0.22458 -0.76672 0.18427 0.57249
1413393248.355761 0.02208 -2.84190 -0.23164 0.22803 -0.77029 0.17758 0.56843
1413393248.455760 0.00414 -2.82218 -0.22847 0.22597 -0.76747 0.17574 0.57362
1413393248.555760 -0.01023 -2.80177 -0.21882 0.22032 -0.76160 0.17767 0.58297
1413393248.655761 -0.02064 -2.78076 -0.19813 0.21602 -0.75854 0.17827 0.58836
1413393248.755760 -0.02451 -2.75605 -0.17456 0.21572 -0.76285 0.17159 0.58488
1413393248.855761 -0.02198 -2.72575 -0.15383 0.21692 -0.77237 0.16251 0.57444
1413393248.955760 -0.01847 -2.69432 -0.13862 0.21730 -0.78751 0.15242 0.55622
1413393249.055760 -0.01505 -2.66550 -0.13192 0.21588 -0.79700 0.14585 0.54489
1413393249.155761 -0.01306 -2.64088 -0.13454 0.21231 -0.79968 0.14280 0.54317
1413393249.255760 -0.01516 -2.61875 -0.14082 0.20902 -0.79712 0.14115 0.54862
1413393249.355761 -0.02034 -2.60075 -0.14548 0.20762 -0.79466 0.13907 0.55324
1413393249.455760 -0.02637 -2.58678 -0.14895 0.21060 -0.79202 0.13304 0.55736
1413393249.555760 -0.03193 -2.57597 -0.15417 0.21948 -0.78867 0.12231 0.56113
1413393249.655761 -0.03647 -2.57074 -0.16270 0.22787 -0.78410 0.11570 0.56558
1413393249.755760 -0.03852 -2.57315 -0.17662 0.22652 -0.78244 0.12350 0.56676
1413393249.855761 -0.03723 -2.58093 -0.19475 0.22282 -0.78092 0.13340 0.56809
1413393249.955760 -0.03307 -2.59298 -0.21302 0.22104 -0.78064 0.13999 0.56757
1413393250.055760 -0.02678 -2.60790 -0.23002 0.22005 -0.78563 0.14083 0.56083
1413393250.155761 -0.01957 -2.62603 -0.24531 0.21922 -0.79013 0.13948 0.55514
1413393250.255760 -0.01391 -2.64755 -0.25928 0.21593 -0.79081 0.14001 0.55533
1413393250.355761 -0.00879 -2.67237 -0.27198 0.21108 -0.78837 0.14043 0.56054
1413393250.455760 -0.00344 -2.69988 -0.28312 0.20278 -0.78425 0.14694 0.56766
1413393250.555760 0.00322 -2.72780 -0.29260 0.19254 -0.77877 0.15938 0.57537
1413393250.655761 0.01213 -2.75228 -0.30160 0.18792 -0.77711 0.16567 0.57735
1413393250.755760 0.02294 -2.77220 -0.30985 0.18791 -0.78015 0.16711 0.57282
1413393250.855761 0.03549 -2.78791 -0.31705 0.18931 -0.78782 0.16665 0.56190
1413393250.955760 0.04661 -2.79997 -0.32072 0.19222 -0.79332 0.16075 0.55485
1413393251.055760 0.05437 -2.80889 -0.32150 0.18976 -0.79760 0.15142 0.55217
1413393251.155761 0.05787 -2.81510 -0.31807 0.17774 -0.79889 0.14054 0.55716
1413393251.255760 0.05880 -2.81822 -0.31263 0.15664 -0.79919 0.12632 0.56639
1413393251.355761 0.05777 -2.81920 -0.30575 0.13115 -0.79914 0.10874 0.57651
1413393251.455760 0.05827 -2.81822 -0.29610 0.10352 -0.79807 0.09059 0.58665
1413393251.555760 0.06024 -2.81586 -0.28387 0.07681 -0.79547 0.07194 0.59678
1413393251.655761 0.06689 -2.81286 -0.26917 0.05149 -0.79242 0.05506 0.60530
1413393251.755760 0.07945 -2.80823 -0.25419 0.02805 -0.79098 0.03756 0.61005
1413393251.855761 0.09736 -2.80208 -0.23966 0.00551 -0.79598 0.02012 0.60496
1413393251.955760 0.11970 -2.79578 -0.22483 -0.01501 -0.80711 0.00131 0.59020
1413393252.055760 0.14438 -2.78909 -0.20818 -0.03236 -0.81433 -0.01972 0.57916
1413393252.155761 0.16885 -2.78462 -0.18877 -0.05288 -0.81573 -0.03368 0.57502
1413393252.255760 0.19180 -2.78130 -0.16868 -0.07378 -0.81397 -0.04631 0.57433
1413393252.355761 0.21165 -2.77859 -0.14879 -0.09332 -0.81068 -0.05913 0.57498
1413393252.455760 0.22913 -2.77615 -0.13233 -0.11578 -0.81018 -0.06804 0.57060
1413393252.555760 0.24342 -2.77353 -0.12355 -0.13275 -0.80895 -0.07274 0.56806
1413393252.655761 0.25467 -2.76999 -0.12300 -0.14190 -0.80695 -0.07899 0.56785
1413393252.755760 0.26434 -2.76539 -0.12895 -0.14909 -0.80482 -0.08893 0.56756
1413393252.855761 0.27224 -2.75980 -0.13475 -0.15497 -0.80150 -0.10281 0.56834
1413393252.955760 0.27992 -2.75398 -0.13731 -0.15978 -0.79784 -0.11559 0.56970
1413393253.055760 0.28520 -2.75055 -0.13671 -0.16248 -0.79753 -0.12627 0.56710
1413393253.155761 0.28759 -2.75054 -0.13424 -0.16721 -0.80169 -0.12974 0.55902
1413393253.255760 0.28566 -2.75335 -0.13174 -0.17499 -0.80755 -0.12542 0.54911
1413393253.355761 0.27719 -2.75696 -0.12851 -0.18012 -0.81104 -0.12034 0.54340
1413393253.455760 0.26227 -2.75948 -0.12333 -0.18420 -0.81023 -0.11665 0.54406
1413393253.555760 0.24216 -2.76041 -0.11414 -0.18587 -0.80731 -0.11572 0.54800
1413393253.655761 0.21742 -2.75953 -0.10068 -0.18364 -0.80206 -0.11707 0.55613
1413393253.755760 0.18960 -2.75733 -0.08702 -0.17974 -0.79840 -0.11923 0.56217
1413393253.855761 0.15963 -2.75392 -0.07191 -0.18090 -0.79627 -0.12074 0.56449
1413393253.955760 0.12803 -2.75010 -0.05512 -0.18698 -0.79451 -0.12370 0.56435
1413393254.055760 0.09654 -2.74529 -0.03583 -0.19739 -0.79148 -0.12867 0.56395
1413393254.155761 0.06493 -2.73912 -0.01396 -0.21110 -0.78695 -0.13633 0.56353
1413393254.255760 0.03385 -2.73167 0.00933 -0.22631 -0.78191 -0.14612 0.56218
1413393254.355761 0.00332 -2.72450 0.03493 -0.23506 -0.77950 -0.16175 0.55763
1413393254.455760 -0.02825 -2.71880 0.06068 -0.24001 -0.78202 -0.17613 0.54756
1413393254.555760 -0.06301 -2.71519 0.08598 -0.24552 -0.78421 -0.18333 0.53956
1413393254.655761 -0.10390 -2.71313 0.10981 -0.25265 -0.78411 -0.18250 0.53669
1413393254.755760 -0.14930 -2.71203 0.13587 -0.25647 -0.77696 -0.18094 0.54573
1413393254.855761 -0.19561 -2.71120 0.15994 -0.25691 -0.77179 -0.17911 0.55340
1413393254.955760 -0.24216 -2.71176 0.18203 -0.25636 -0.76808 -0.17762 0.55927
1413393255.055760 -0.28709 -2.71282 0.20111 -0.25581 -0.76690 -0.17488 0.56200
1413393255.155761 -0.32943 -2.71502 0.21890 -0.25807 -0.76491 -0.16842 0.56563
1413393255.255760 -0.36768 -2.71634 0.23368 -0.26109 -0.76349 -0.16094 0.56834
1413393255.355761 -0.40170 -2.71533 0.24561 -0.26302 -0.76331 -0.15618 0.56902
1413393255.455760 -0.43097 -2.71082 0.25426 -0.26429 -0.76281 -0.15407 0.56969
1413393255.555760 -0.45787 -2.70265 0.26334 -0.26540 -0.76278 -0.15533 0.56886
1413393255.655761 -0.47963 -2.69092 0.27167 -0.26660 -0.76346 -0.15906 0.56635
1413393255.755760 -0.49768 -2.67675 0.27763 -0.26854 -0.76584 -0.16293 0.56110
1413393255.855761 -0.51345 -2.66124 0.28170 -0.27101 -0.76978 -0.16748 0.55312
1413393255.955760 -0.52914 -2.64395 0.28479 -0.26896 -0.77445 -0.17669 0.54467
1413393256.055760 -0.54586 -2.62620 0.28606 -0.26667 -0.77635 -0.18496 0.54032
1413393256.155761 -0.56574 -2.60700 0.28207 -0.26688 -0.77625 -0.18921 0.53890
1413393256.255760 -0.58780 -2.58860 0.27730 -0.26966 -0.77561 -0.18819 0.53879
1413393256.355761 -0.61235 -2.57054 0.27347 -0.27282 -0.77532 -0.18458 0.53887
1413393256.455760 -0.64210 -2.55048 0.27383 -0.27761 -0.77553 -0.17779 0.53841
1413393256.555760 -0.67371 -2.52773 0.28087 -0.27997 -0.77556 -0.17181 0.53908
1413393256.655761 -0.70802 -2.50188 0.29308 -0.27267 -0.77711 -0.17655 0.53906
1413393256.755760 -0.74441 -2.47314 0.30118 -0.26510 -0.77861 -0.18113 0.53914
1413393256.855761 -0.78323 -2.44465 0.29799 -0.25909 -0.77910 -0.18346 0.54058
1413393256.955760 -0.82377 -2.41838 0.28723 -0.25808 -0.77863 -0.17915 0.54318
1413393257.055760 -0.86522 -2.39196 0.27247 -0.25814 -0.77770 -0.17458 0.54596
1413393257.155761 -0.90815 -2.36613 0.25686 -0.25950 -0.77659 -0.17024 0.54825
1413393257.255760 -0.95180 -2.33950 0.24373 -0.26052 -0.77647 -0.16836 0.54852
1413393257.355761 -0.99706 -2.31137 0.23148 -0.26032 -0.77533 -0.16880 0.55008
1413393257.455760 -1.04234 -2.28305 0.21994 -0.26090 -0.77511 -0.16962 0.54988
1413393257.555760 -1.08929 -2.25273 0.20848 -0.26282 -0.77413 -0.16975 0.55030
1413393257.655761 -1.13504 -2.22171 0.19618 -0.26605 -0.77218 -0.16964 0.55152
1413393257.755760 -1.17962 -2.18991 0.18248 -0.26791 -0.77149 -0.17195 0.55088
1413393257.855761 -1.22353 -2.15728 0.16897 -0.26625 -0.77248 -0.17896 0.54806
1413393257.955760 -1.26882 -2.12410 0.15919 -0.26346 -0.77330 -0.18693 0.54557
1413393258.055760 -1.31604 -2.09154 0.15116 -0.26213 -0.77306 -0.19153 0.54496
1413393258.155761 -1.36723 -2.06087 0.14468 -0.26093 -0.77285 -0.19101 0.54602
1413393258.255760 -1.41913 -2.03330 0.13964 -0.25510 -0.77282 -0.18676 0.55027
1413393258.355761 -1.47657 -2.00782 0.13837 -0.24265 -0.76827 -0.18294 0.56340
1413393258.455760 -1.52792 -1.98894 0.13647 -0.22961 -0.76744 -0.17094 0.57367
1413393258.555760 -1.57654 -1.97439 0.13485 -0.21456 -0.76867 -0.15114 0.58333
1413393258.655761 -1.62223 -1.96273 0.13419 -0.19211 -0.77522 -0.13305 0.58688
1413393258.755760 -1.66206 -1.95328 0.13305 -0.16810 -0.78707 -0.11326 0.58261
1413393258.855761 -1.69804 -1.94566 0.13304 -0.14536 -0.79655 -0.08961 0.57996
1413393258.955760 -1.73221 -1.93834 0.13370 -0.11863 -0.80539 -0.07113 0.57638
1413393259.055760 -1.76570 -1.93125 0.13477 -0.09075 -0.81128 -0.05318 0.57512
1413393259.155761 -1.79742 -1.92462 0.13671 -0.06289 -0.81529 -0.03378 0.57463
1413393259.255760 -1.83056 -1.91742 0.13917 -0.03581 -0.81719 -0.01461 0.57507
1413393259.355761 -1.86571 -1.90940 0.14226 -0.00970 -0.81894 0.00539 0.57377
1413393259.455760 -1.90291 -1.90105 0.14648 0.01687 -0.81849 0.02578 0.57369
1413393259.555760 -1.94427 -1.89428 0.15118 0.04507 -0.81768 0.04463 0.57217
1413393259.655761 -1.98465 -1.88661 0.15672 0.07451 -0.81581 0.06381 0.56994
1413393259.755760 -2.02710 -1.87891 0.16406 0.10374 -0.81290 0.08415 0.56688
1413393259.855761 -2.07049 -1.87198 0.17225 0.13173 -0.80801 0.10339 0.56487
1413393259.955760 -2.11506 -1.86575 0.18087 0.15760 -0.80279 0.12119 0.56214
1413393260.055760 -2.16066 -1.85921 0.18949 0.18183 -0.79731 0.13801 0.55874
1413393260.155761 -2.20672 -1.85228 0.19886 0.20464 -0.79046 0.15575 0.55591
1413393260.255760 -2.25396 -1.84539 0.20762 0.22714 -0.78320 0.17203 0.55264
1413393260.355761 -2.29974 -1.83825 0.21366 0.24839 -0.76757 0.18662 0.56063
1413393260.455760 -2.34283 -1.82884 0.21404 0.26879 -0.74684 0.18978 0.57790
1413393260.555760 -2.37697 -1.81822 0.20831 0.28504 -0.72659 0.18483 0.59721
1413393260.655761 -2.40203 -1.80658 0.19766 0.29944 -0.71467 0.17607 0.60711
1413393260.755760 -2.40921 -1.79728 0.18588 0.31187 -0.71613 0.16981 0.60088
1413393260.855761 -2.40121 -1.79188 0.17500 0.31361 -0.73324 0.17423 0.57762
1413393260.955760 -2.37989 -1.79208 0.16883 0.30629 -0.74971 0.18791 0.55571
1413393261.055760 -2.35410 -1.79611 0.16576 0.29886 -0.76178 0.19754 0.53977
1413393261.155761 -2.32776 -1.80391 0.16439 0.29493 -0.77057 0.19940 0.52866
1413393261.255760 -2.30399 -1.81561 0.16283 0.29363 -0.77503 0.19772 0.52347
1413393261.355761 -2.28373 -1.83261 0.16371 0.29560 -0.77047 0.20102 0.52781
1413393261.455760 -2.26573 -1.85392 0.16569 0.30283 -0.76345 0.20723 0.53151
1413393261.555760 -2.24951 -1.88018 0.16839 0.30968 -0.76001 0.22380 0.52573
1413393261.655761 -2.23562 -1.90740 0.17003 0.31840 -0.75804 0.24543 0.51357
1413393261.755760 -2.22705 -1.93475 0.17320 -0.33328 0.75443 -0.26511 -0.49948
1413393261.855761 -2.22655 -1.96158 0.17749 -0.35407 0.74517 -0.28082 -0.49040
1413393261.955760 -2.23402 -1.98690 0.18441 -0.37445 0.72920 -0.28919 -0.49439
1413393262.055760 -2.24611 -2.01143 0.19133 -0.39005 0.71649 -0.29407 -0.49803
1413393262.155761 -2.26045 -2.03551 0.19894 -0.39995 0.70828 -0.29829 -0.49941
1413393262.255760 -2.27628 -2.05841 0.20911 -0.40629 0.70405 -0.29926 -0.49968
1413393262.355761 -2.29309 -2.08018 0.21933 -0.41131 0.70296 -0.29740 -0.49823
1413393262.455760 -2.31121 -2.10190 0.22919 -0.41237 0.70307 -0.29803 -0.49681
1413393262.555760 -2.33151 -2.12422 0.23698 -0.41367 0.70278 -0.29753 -0.49644
1413393262.655761 -2.35087 -2.14741 0.23368 -0.41450 0.70269 -0.29654 -0.49647
1413393262.755760 -2.37025 -2.17074 0.21974 -0.41514 0.70238 -0.29638 -0.49647
1413393262.855761 -2.38808 -2.19521 0.19852 -0.41507 0.70285 -0.29683 -0.49559
1413393262.955760 -2.40677 -2.22139 0.17866 -0.41464 0.70382 -0.29893 -0.49331
1413393263.055760 -2.42547 -2.24891 0.16170 -0.41276 0.70521 -0.30279 -0.49054
1413393263.155761 -2.44599 -2.27706 0.14750 -0.41141 0.70684 -0.30640 -0.48707
1413393263.255760 -2.46819 -2.30524 0.13723 -0.41005 0.70753 -0.30958 -0.48521
1413393263.355761 -2.49265 -2.33263 0.13047 -0.40920 0.70731 -0.31138 -0.48509
1413393263.455760 -2.51912 -2.36060 0.12336 -0.40900 0.70756 -0.31027 -0.48560
1413393263.555760 -2.54758 -2.38723 0.10933 -0.40927 0.70430 -0.30829 -0.49134
1413393263.655761 -2.57651 -2.41482 0.08764 0.40849 -0.69709 0.30850 0.50202
1413393263.755760 -2.60307 -2.43905 0.05893 0.40908 -0.68896 0.31207 0.51048
1413393263.855761 -2.62521 -2.46150 0.02846 0.41595 -0.68037 0.31699 0.51342
1413393263.955760 -2.64303 -2.47947 -0.00050 0.42602 -0.67185 0.32394 0.51205
1413393264.055760 -2.65656 -2.49348 -0.02726 0.43599 -0.66870 0.32982 0.50395
1413393264.155761 -2.66595 -2.50256 -0.05086 -0.44545 0.67205 -0.32970 -0.49113
1413393264.255760 -2.67273 -2.50680 -0.07062 -0.45347 0.67740 -0.32521 -0.47930
1413393264.355761 -2.67985 -2.51126 -0.08747 -0.45797 0.68188 -0.31947 -0.47248
1413393264.455760 -2.68686 -2.51947 -0.10272 -0.45943 0.68444 -0.31560 -0.46996
1413393264.555760 -2.69350 -2.53144 -0.11630 -0.45710 0.68570 -0.31443 -0.47118
1413393264.655761 -2.70005 -2.54679 -0.12737 -0.45173 0.68613 -0.31749 -0.47367
1413393264.755760 -2.70619 -2.56489 -0.13866 -0.44949 0.68562 -0.32273 -0.47300
1413393264.855761 -2.71345 -2.58487 -0.15006 -0.45132 0.68320 -0.32369 -0.47410
1413393264.955760 -2.72058 -2.60596 -0.16229 -0.45386 0.68146 -0.32174 -0.47551
1413393265.055760 -2.72747 -2.62840 -0.17403 -0.45524 0.67938 -0.32049 -0.47801
1413393265.155761 -2.73367 -2.65273 -0.18468 -0.45306 0.67444 -0.32316 -0.48522
1413393265.255760 -2.73790 -2.67620 -0.19325 -0.44674 0.66489 -0.33016 -0.49934
1413393265.355761 -2.73758 -2.69593 -0.20143 0.43796 -0.66156 0.34152 0.50388
1413393265.455760 -2.73497 -2.70911 -0.20902 -0.43281 0.66821 -0.34691 -0.49581
1413393265.555760 -2.73192 -2.71615 -0.21381 -0.43506 0.67561 -0.34619 -0.48418
1413393265.655761 -2.72917 -2.71909 -0.21412 -0.44964 0.67199 -0.33856 -0.48127
1413393265.755760 -2.72634 -2.72074 -0.21164 -0.46578 0.66406 -0.33702 -0.47800
1413393265.855761 -2.72198 -2.72199 -0.20567 -0.48050 0.65508 -0.34045 -0.47338
1413393265.955760 -2.71470 -2.72373 -0.19785 -0.49491 0.64620 -0.34809 -0.46511
1413393266.055760 -2.70441 -2.72592 -0.18685 -0.51031 0.63564 -0.36123 -0.45284
1413393266.155761 -2.69171 -2.72935 -0.17256 -0.53002 0.61886 -0.37566 -0.44156
1413393266.255760 -2.67652 -2.73302 -0.15474 -0.55318 0.59909 -0.39270 -0.42529
1413393266.355761 -2.65964 -2.73648 -0.13342 0.57985 -0.57365 0.41252 0.40561
1413393266.455760 -2.64119 -2.73985 -0.10965 0.60950 -0.54292 0.43323 0.38218
1413393266.555760 -2.62192 -2.74238 -0.08261 0.63724 -0.50802 0.45721 0.35610
1413393266.655761 -2.60437 -2.74354 -0.06142 0.65786 -0.47208 0.48349 0.33256
1413393266.755760 -2.59079 -2.74210 -0.05379 0.67447 -0.44249 0.50310 0.31013
1413393266.855761 -2.58147 -2.73979 -0.05029 0.68632 -0.41703 0.51888 0.29294
1413393266.955760 -2.57899 -2.73534 -0.03494 0.69695 -0.39964 0.52471 0.28148
1413393267.055760 -2.58144 -2.72722 -0.00262 0.70678 -0.39345 0.52231 0.26992
1413393267.155761 -2.58916 -2.71680 0.03681 0.71047 -0.39206 0.52111 0.26451
1413393267.255760 -2.59945 -2.70652 0.06608 0.71158 -0.39482 0.51923 0.26109
1413393267.355761 -2.61278 -2.69855 0.08351 0.71066 -0.39894 0.51734 0.26109
1413393267.455760 -2.62834 -2.69475 0.08929 0.70931 -0.40161 0.51530 0.26467
1413393267.555760 -2.64716 -2.68860 0.08500 0.70878 -0.40206 0.51107 0.27346
1413393267.655761 -2.66640 -2.68288 0.07202 0.70893 -0.40235 0.50651 0.28103
1413393267.755760 -2.68498 -2.67821 0.05013 0.70944 -0.40199 0.50245 0.28749
1413393267.855761 -2.70146 -2.67325 0.02483 0.71039 -0.39984 0.50020 0.29203
1413393267.955760 -2.71481 -2.66810 0.00262 0.71051 -0.39908 0.50043 0.29237
1413393268.055760 -2.72645 -2.66093 -0.01521 0.70821 -0.40458 0.50423 0.28373
1413393268.155761 -2.73728 -2.65361 -0.02824 0.70777 -0.40899 0.50565 0.27586
1413393268.255760 -2.74811 -2.64976 -0.04028 0.70935 -0.40833 0.50416 0.27553
1413393268.355761 -2.75863 -2.64425 -0.04878 0.71394 -0.40277 0.49794 0.28307
1413393268.455760 -2.76664 -2.64001 -0.05448 0.71866 -0.39752 0.49134 0.28999
1413393268.555760 -2.77028 -2.63640 -0.05487 0.71902 -0.40010 0.48932 0.28896
1413393268.655761 -2.76996 -2.63386 -0.04887 0.71446 -0.40520 0.49366 0.28577
1413393268.755760 -2.76729 -2.63209 -0.03822 0.71056 -0.40949 0.49704 0.28351
1413393268.855761 -2.76321 -2.63238 -0.02460 0.70856 -0.41373 0.49785 0.28091
1413393268.955760 -2.75846 -2.63536 -0.01409 0.70695 -0.41515 0.49894 0.28094
1413393269.055760 -2.75414 -2.63869 -0.01111 0.70660 -0.40857 0.49870 0.29169
1413393269.155761 -2.74856 -2.64105 -0.01119 0.70997 -0.39862 0.49510 0.30316
1413393269.255760 -2.73825 -2.64076 -0.00887 0.71031 -0.39100 0.50271 0.29975
1413393269.355761 -2.72467 -2.63654 -0.00363 0.70825 -0.38313 0.51808 0.28843
1413393269.455760 -2.71206 -2.62978 -0.00081 0.70758 -0.37602 0.53075 0.27612
1413393269.555760 -2.70303 -2.62030 -0.00966 0.71045 -0.37346 0.53470 0.26436
1413393269.655761 -2.69912 -2.60866 -0.03323 0.71401 -0.37318 0.53460 0.25521
1413393269.755760 -2.70026 -2.59717 -0.06760 0.71840 -0.37308 0.53156 0.24931
1413393269.855761 -2.70454 -2.58574 -0.10221 0.72463 -0.37210 0.52444 0.24783
1413393269.955760 -2.71051 -2.57567 -0.13330 0.73061 -0.36753 0.51735 0.25195
1413393270.055760 -2.71645 -2.56833 -0.16141 0.73472 -0.36377 0.51265 0.25503
1413393270.155761 -2.72098 -2.56061 -0.18855 0.73703 -0.36455 0.51012 0.25231
1413393270.255760 -2.72422 -2.55530 -0.21383 0.73807 -0.36484 0.50975 0.24961
1413393270.355761 -2.72635 -2.55255 -0.23659 0.73769 -0.36496 0.51105 0.24789
1413393270.455760 -2.72761 -2.55169 -0.25733 0.73448 -0.37039 0.51203 0.24736
1413393270.555760 -2.73034 -2.55246 -0.27572 0.73074 -0.37865 0.50947 0.25119
1413393270.655761 -2.73579 -2.55349 -0.29207 0.72661 -0.38794 0.50406 0.25975
1413393270.755760 -2.73815 -2.55996 -0.29903 0.72177 -0.39445 0.49883 0.27317
1413393270.855761 -2.73599 -2.57003 -0.29361 0.71870 -0.39939 0.49329 0.28394
1413393270.955760 -2.72963 -2.58131 -0.27817 0.71657 -0.40128 0.48915 0.29366
1413393271.055760 -2.71938 -2.59317 -0.26107 0.71543 -0.40344 0.48541 0.29961
1413393271.155761 -2.70599 -2.60400 -0.25223 0.71120 -0.40622 0.48759 0.30240
1413393271.255760 -2.69025 -2.61276 -0.25291 0.70835 -0.40497 0.48857 0.30909
1413393271.355761 -2.67299 -2.61797 -0.26194 0.70530 -0.40436 0.48654 0.31987
1413393271.455760 -2.65325 -2.61837 -0.27140 0.69733 -0.41247 0.48657 0.32687
1413393271.555760 -2.63011 -2.61613 -0.27708 0.68564 -0.42738 0.48849 0.32958
1413393271.655761 -2.60499 -2.61139 -0.27972 0.67701 -0.43942 0.48809 0.33218
1413393271.755760 -2.57970 -2.60399 -0.27870 0.67325 -0.45437 0.47776 0.33471
1413393271.855761 -2.55371 -2.59435 -0.27528 0.66878 -0.47003 0.46659 0.33777
1413393271.955760 -2.52548 -2.58370 -0.27034 0.66237 -0.47881 0.46065 0.34612
1413393272.055760 -2.49535 -2.57316 -0.26400 0.65680 -0.48449 0.45737 0.35312
1413393272.155761 -2.46408 -2.56193 -0.25580 0.65171 -0.48940 0.45523 0.35852
1413393272.255760 -2.43399 -2.54962 -0.24620 0.64094 -0.49913 0.45813 0.36080
1413393272.355761 -2.40375 -2.53778 -0.23509 0.62933 -0.51150 0.45859 0.36332
1413393272.455760 -2.37611 -2.52518 -0.22443 0.62138 -0.52137 0.45158 0.37167
1413393272.555760 -2.35065 -2.51197 -0.21228 0.61326 -0.53067 0.44194 0.38341
1413393272.655761 -2.32587 -2.49690 -0.20034 0.60529 -0.53993 0.42983 0.39667
1413393272.755760 -2.30203 -2.48200 -0.18908 0.59616 -0.55094 0.41796 0.40788
1413393272.855761 -2.27595 -2.46721 -0.17660 0.58539 -0.56214 0.40651 0.41961
1413393272.955760 -2.24646 -2.45130 -0.16235 -0.57254 0.57512 -0.39728 -0.42849
1413393273.055760 -2.21386 -2.43397 -0.14872 -0.55708 0.59153 -0.38923 -0.43388
1413393273.155761 -2.18008 -2.41707 -0.13513 -0.54129 0.60915 -0.37920 -0.43835
1413393273.255760 -2.14632 -2.40230 -0.12295 -0.52502 0.62746 -0.36616 -0.44337
1413393273.355761 -2.11237 -2.38899 -0.11077 -0.50718 0.64470 -0.35268 -0.45028
1413393273.455760 -2.07924 -2.37764 -0.09834 -0.48934 0.65863 -0.33894 -0.46029
1413393273.555760 -2.04744 -2.36931 -0.08366 -0.46946 0.66837 -0.32809 -0.47461
1413393273.655761 -2.01592 -2.36340 -0.06730 -0.44903 0.67642 -0.32018 -0.48817
1413393273.755760 -1.98377 -2.35571 -0.05006 -0.43042 0.68453 -0.31094 -0.49947
1413393273.855761 -1.95136 -2.34690 -0.03401 0.41127 -0.69625 0.30092 0.50551
1413393273.955760 -1.91884 -2.33799 -0.01815 0.39279 -0.70972 0.29041 0.50762
1413393274.055760 -1.88768 -2.32867 -0.00040 0.37575 -0.72199 0.27913 0.50953
1413393274.155761 -1.85935 -2.31879 0.01819 0.35681 -0.73210 0.26886 0.51423
1413393274.255760 -1.83411 -2.31062 0.03905 0.33863 -0.74151 0.25905 0.51806
1413393274.355761 -1.81071 -2.30121 0.06003 0.32158 -0.74920 0.24796 0.52326
1413393274.455760 -1.79098 -2.29279 0.08015 0.30436 -0.75641 0.23529 0.52900
1413393274.555760 -1.77409 -2.28316 0.09176 0.28608 -0.76334 0.22361 0.53429
1413393274.655761 -1.75969 -2.27306 0.09420 0.26793 -0.77010 0.21079 0.53919
1413393274.755760 -1.74684 -2.26240 0.08985 0.25100 -0.77470 0.19605 0.54627
1413393274.855761 -1.73675 -2.25058 0.08351 0.23522 -0.77559 0.18046 0.55728
1413393274.955760 -1.72763 -2.23805 0.07893 0.21981 -0.77617 0.16552 0.56732
1413393275.055760 -1.71793 -2.22593 0.07585 0.20263 -0.77788 0.15306 0.57482
1413393275.155761 -1.70497 -2.21304 0.07260 0.18520 -0.78101 0.14085 0.57956
1413393275.255760 -1.68945 -2.19858 0.07014 0.16619 -0.78640 0.13025 0.58051
1413393275.355761 -1.67240 -2.18246 0.06989 0.14591 -0.79271 0.11838 0.57992
1413393275.455760 -1.65431 -2.16474 0.06989 0.12396 -0.79749 0.10711 0.58066
1413393275.555760 -1.63496 -2.14532 0.07295 0.10359 -0.80091 0.09451 0.58214
1413393275.655761 -1.61527 -2.12448 0.07852 0.08253 -0.80316 0.08318 0.58413
1413393275.755760 -1.59589 -2.10028 0.08583 0.06340 -0.80672 0.06883 0.58347
1413393275.855761 -1.57629 -2.07424 0.09248 0.04733 -0.81638 0.05904 0.57253
1413393275.955760 -1.56014 -2.04756 0.10071 0.03397 -0.82628 0.05602 0.55944
1413393276.055760 -1.55030 -2.01952 0.11098 0.02850 -0.82957 0.05038 0.55540
1413393276.155761 -1.54628 -1.98984 0.12603 0.03603 -0.82104 0.03481 0.56866
1413393276.255760 -1.54438 -1.96027 0.14145 0.04539 -0.81219 0.02279 0.58118
1413393276.355761 -1.54440 -1.93579 0.15447 0.05185 -0.80833 0.01794 0.58616
1413393276.455760 -1.54566 -1.91630 0.15900 0.05363 -0.80838 0.02175 0.58581
1413393276.555760 -1.54865 -1.90012 0.15236 0.05135 -0.81247 0.03155 0.57988
1413393276.655761 -1.55111 -1.88584 0.14002 0.04853 -0.81653 0.04087 0.57380
1413393276.755760 -1.55763 -1.87318 0.12889 0.04849 -0.81905 0.04457 0.56993
1413393276.855761 -1.56684 -1.85980 0.12143 0.04849 -0.81910 0.04616 0.56972
1413393276.955760 -1.57781 -1.84569 0.11612 0.05023 -0.81824 0.04595 0.57083
1413393277.055760 -1.59191 -1.83203 0.11169 0.05052 -0.81814 0.04534 0.57099
1413393277.155761 -1.60870 -1.81858 0.10920 0.05044 -0.81705 0.04484 0.57260
1413393277.255760 -1.62774 -1.80518 0.10949 0.05034 -0.81408 0.04436 0.57686
1413393277.355761 -1.64841 -1.79265 0.11171 0.05089 -0.81216 0.04139 0.57973
1413393277.455760 -1.66956 -1.78020 0.11597 0.05115 -0.81208 0.03967 0.57995
1413393277.555760 -1.69125 -1.76930 0.12295 0.05112 -0.81211 0.03870 0.57997
1413393277.655761 -1.71337 -1.75941 0.13040 0.04653 -0.80930 0.04197 0.58404
1413393277.755760 -1.73551 -1.74883 0.13101 0.03676 -0.80594 0.04376 0.58923
1413393277.855761 -1.75480 -1.73709 0.12143 0.02452 -0.80399 0.04048 0.59275
1413393277.955760 -1.77156 -1.72166 0.10454 0.01007 -0.80097 0.03286 0.59771
1413393278.055760 -1.78443 -1.70235 0.08923 -0.00849 -0.80000 0.02338 0.59948
1413393278.155761 -1.79325 -1.67953 0.07728 -0.02749 -0.80312 0.00857 0.59512
1413393278.255760 -1.79949 -1.65403 0.06954 -0.04874 -0.80634 -0.00541 0.58941
1413393278.355761 -1.80445 -1.62579 0.06528 -0.07364 -0.80992 -0.00959 0.58182
1413393278.455760 -1.81031 -1.59287 0.06369 -0.09483 -0.81364 -0.00892 0.57351
1413393278.555760 -1.81720 -1.55387 0.06490 -0.10870 -0.81666 -0.00819 0.56673
1413393278.655761 -1.82490 -1.50713 0.06749 -0.11502 -0.81741 -0.00995 0.56438
1413393278.755760 -1.83486 -1.45172 0.07191 -0.10575 -0.81498 -0.02811 0.56907
1413393278.855761 -1.84584 -1.39131 0.07985 -0.09184 -0.81033 -0.04882 0.57667
1413393278.955760 -1.85681 -1.33116 0.08988 -0.08232 -0.80850 -0.06052 0.57955
1413393279.055760 -1.86756 -1.27374 0.10162 -0.07652 -0.80906 -0.06463 0.57913
1413393279.155761 -1.87889 -1.21885 0.11161 -0.07333 -0.81071 -0.06461 0.57724
1413393279.255760 -1.89133 -1.16639 0.11208 -0.06961 -0.81382 -0.06381 0.57339
1413393279.355761 -1.90551 -1.11585 0.10346 -0.06743 -0.81869 -0.06073 0.56703
1413393279.455760 -1.92153 -1.06998 0.09438 -0.06460 -0.82313 -0.05863 0.56111
1413393279.555760 -1.94279 -1.02706 0.08873 -0.06164 -0.82253 -0.05685 0.56250
1413393279.655761 -1.96775 -0.98986 0.08641 -0.05735 -0.81790 -0.05707 0.56964
1413393279.755760 -1.99578 -0.95635 0.08455 -0.05427 -0.81425 -0.05609 0.57525
1413393279.855761 -2.02502 -0.92714 0.08015 -0.05292 -0.81019 -0.05296 0.58136
1413393279.955760 -2.05357 -0.90102 0.07545 -0.05321 -0.80679 -0.04913 0.58639
1413393280.055760 -2.08024 -0.87965 0.07213 -0.05278 -0.80620 -0.04444 0.58761
1413393280.155761 -2.10544 -0.85931 0.07161 -0.05476 -0.80564 -0.03476 0.58885
1413393280.255760 -2.12802 -0.84075 0.07414 -0.05706 -0.80523 -0.02418 0.58971
1413393280.355761 -2.14829 -0.82084 0.07987 -0.05799 -0.80359 -0.01715 0.59210
1413393280.455760 -2.16537 -0.79896 0.08826 -0.06194 -0.80014 -0.00682 0.59656
1413393280.555760 -2.17795 -0.77329 0.09581 -0.06367 -0.80236 0.00064 0.59344
1413393280.655761 -2.18677 -0.74250 0.09681 -0.06440 -0.80636 0.00622 0.58787
1413393280.755760 -2.19244 -0.70618 0.08844 -0.06766 -0.80923 0.01311 0.58343
1413393280.855761 -2.19742 -0.66134 0.07291 -0.07039 -0.81308 0.01930 0.57756
1413393280.955760 -2.20280 -0.60905 0.05902 -0.06759 -0.81498 0.01812 0.57525
1413393281.055760 -2.21068 -0.54736 0.05228 -0.05629 -0.81649 0.00285 0.57460
1413393281.155761 -2.22058 -0.47888 0.05080 -0.04581 -0.81726 -0.01287 0.57431
1413393281.255760 -2.23219 -0.40866 0.05315 -0.03872 -0.81712 -0.02331 0.57469
1413393281.355761 -2.24524 -0.34017 0.05985 -0.03549 -0.81671 -0.03029 0.57515
1413393281.455760 -2.25989 -0.27560 0.06844 -0.03553 -0.81611 -0.03411 0.57579
1413393281.555760 -2.27566 -0.21534 0.07686 -0.03773 -0.81612 -0.03594 0.57553
1413393281.655761 -2.29263 -0.15962 0.08589 -0.04066 -0.81354 -0.03896 0.57878
1413393281.755760 -2.31152 -0.10665 0.09755 -0.04351 -0.80914 -0.04173 0.58451
1413393281.855761 -2.32900 -0.06090 0.11193 -0.04811 -0.80150 -0.04164 0.59460
1413393281.955760 -2.34349 -0.01946 0.12647 -0.05484 -0.79962 -0.03891 0.59673
1413393282.055760 -2.35570 0.02034 0.14218 -0.06142 -0.80421 -0.03569 0.59008
1413393282.155761 -2.36609 0.05859 0.15963 -0.06972 -0.80884 -0.02791 0.58322
1413393282.255760 -2.37630 0.09803 0.17867 -0.07535 -0.81249 -0.02184 0.57768
1413393282.355761 -2.38734 0.14030 0.20036 -0.07337 -0.81253 -0.02511 0.57774
1413393282.455760 -2.39901 0.18366 0.22278 -0.06512 -0.80975 -0.03630 0.58203
1413393282.555760 -2.41143 0.22623 0.24003 -0.05789 -0.80847 -0.04449 0.58399
1413393282.655761 -2.42437 0.26542 0.24672 -0.05234 -0.80596 -0.04984 0.58754
1413393282.755760 -2.43591 0.29977 0.24595 -0.04825 -0.80314 -0.04865 0.59184
1413393282.855761 -2.44479 0.32851 0.24488 -0.04323 -0.80084 -0.03596 0.59623
1413393282.955760 -2.45153 0.35366 0.24459 -0.03194 -0.80602 -0.02331 0.59056
1413393283.055760 -2.45694 0.37633 0.24643 -0.01543 -0.81382 -0.01147 0.58080
1413393283.155761 -2.46231 0.39608 0.25068 0.00615 -0.81814 -0.00064 0.57498
1413393283.255760 -2.46946 0.41324 0.25611 0.02987 -0.81956 0.01002 0.57213
1413393283.355761 -2.47871 0.42623 0.26122 0.05296 -0.81968 0.02298 0.56991
1413393283.455760 -2.49069 0.43382 0.26462 0.07605 -0.81839 0.03864 0.56829
1413393283.555760 -2.50406 0.43643 0.26136 0.09828 -0.81611 0.05698 0.56662
1413393283.655761 -2.51867 0.43547 0.24783 0.11863 -0.81257 0.07471 0.56575
1413393283.755760 -2.53457 0.43140 0.22636 0.13922 -0.80541 0.09224 0.56870
1413393283.855761 -2.55122 0.42357 0.20195 0.16098 -0.79825 0.10891 0.57010
1413393283.955760 -2.56662 0.41348 0.17893 0.18522 -0.79260 0.12347 0.56765
1413393284.055760 -2.58013 0.40033 0.15861 0.20951 -0.78938 0.13894 0.56007
1413393284.155761 -2.59279 0.38377 0.14220 0.23439 -0.78373 0.15560 0.55373
1413393284.255760 -2.60606 0.36339 0.12989 0.25896 -0.77560 0.17213 0.54932
1413393284.355761 -2.61768 0.33938 0.12011 0.28301 -0.76541 0.19047 0.54568
1413393284.455760 -2.62707 0.31189 0.11174 0.30735 -0.75322 0.20993 0.54234
1413393284.555760 -2.63345 0.28197 0.10377 0.33214 -0.74147 0.22918 0.53609
1413393284.655761 -2.63526 0.25103 0.09707 0.35512 -0.73182 0.25009 0.52516
1413393284.755760 -2.63477 0.21871 0.09070 0.37616 -0.72510 0.27429 0.50745
1413393284.855761 -2.63505 0.18572 0.08590 -0.39929 0.71481 -0.29675 -0.49147
1413393284.955760 -2.63703 0.15335 0.08250 -0.42375 0.70151 -0.31641 -0.47770
1413393285.055760 -2.64089 0.12063 0.08050 -0.44785 0.68638 -0.33508 -0.46480
1413393285.155761 -2.64805 0.08788 0.08090 -0.47074 0.66988 -0.35324 -0.45264
1413393285.255760 -2.65906 0.05540 0.08153 -0.49241 0.65311 -0.37019 -0.44038
1413393285.355761 -2.67308 0.02190 0.08221 -0.51372 0.63526 -0.38539 -0.42896
1413393285.455760 -2.69111 -0.01036 0.08286 -0.53515 0.61685 -0.39882 -0.41720
1413393285.555760 -2.71223 -0.04213 0.08402 -0.55620 0.59667 -0.41138 -0.40669
1413393285.655761 -2.73545 -0.07434 0.08717 0.57632 -0.57393 0.42376 0.39860
1413393285.755760 -2.75876 -0.10548 0.09223 0.59729 -0.54813 0.43187 0.39533
1413393285.855761 -2.78134 -0.13333 0.09913 0.61554 -0.52604 0.43935 0.38904
1413393285.955760 -2.80304 -0.15918 0.10654 0.62572 -0.51634 0.44844 0.37519
1413393286.055760 -2.82377 -0.18230 0.11422 0.63078 -0.51280 0.45491 0.36360
1413393286.155761 -2.84419 -0.20571 0.12244 0.63200 -0.51190 0.45972 0.35663
1413393286.255760 -2.86758 -0.23199 0.13017 0.63156 -0.51174 0.46177 0.35499
1413393286.355761 -2.89314 -0.25663 0.13037 0.63062 -0.51226 0.46072 0.35728
1413393286.455760 -2.91893 -0.27830 0.12009 0.62923 -0.51266 0.45779 0.36288
1413393286.555760 -2.94720 -0.29991 0.10080 0.62638 -0.51572 0.45589 0.36586
1413393286.655761 -2.97650 -0.32317 0.08357 0.62454 -0.52018 0.45292 0.36636
1413393286.755760 -3.00490 -0.34438 0.07502 0.62553 -0.52131 0.44666 0.37072
1413393286.855761 -3.03152 -0.36503 0.07375 0.63041 -0.51803 0.43656 0.37900
1413393286.955760 -3.05203 -0.38556 0.07602 0.63774 -0.50997 0.43039 0.38468
1413393287.055760 -3.06535 -0.40638 0.07984 0.64519 -0.50027 0.43087 0.38446
1413393287.155761 -3.07033 -0.42458 0.08501 0.65340 -0.49090 0.43625 0.37653
1413393287.255760 -3.06667 -0.44149 0.09195 0.66008 -0.48415 0.44895 0.35824
1413393287.355761 -3.05627 -0.45813 0.10136 0.66687 -0.47308 0.46556 0.33872
1413393287.455760 -3.04357 -0.47584 0.11412 0.67635 -0.45731 0.48089 0.31962
1413393287.555760 -3.02863 -0.49189 0.12819 0.68986 -0.43781 0.49113 0.30199
1413393287.655761 -3.01365 -0.50703 0.14042 0.70397 -0.41771 0.50007 0.28262
1413393287.755760 -2.99855 -0.52153 0.15312 0.71539 -0.39633 0.51143 0.26380
1413393287.855761 -2.98480 -0.53822 0.16350 0.72556 -0.37400 0.52279 0.24571
1413393287.955760 -2.97257 -0.55624 0.17188 0.73549 -0.35050 0.53250 0.22946
1413393288.055760 -2.96194 -0.57703 0.17903 0.74398 -0.32933 0.54048 0.21428
1413393288.155761 -2.95552 -0.59961 0.18235 0.75228 -0.31397 0.54210 0.20401
1413393288.255760 -2.95177 -0.62440 0.18228 0.76060 -0.30638 0.53731 0.19726
1413393288.355761 -2.94882 -0.65212 0.17994 0.76822 -0.30394 0.52967 0.19213
1413393288.455760 -2.94378 -0.68457 0.17873 0.76769 -0.30214 0.53124 0.19275
1413393288.555760 -2.93722 -0.72020 0.17914 0.76150 -0.30149 0.53873 0.19745
1413393288.655761 -2.93022 -0.75605 0.17844 0.75541 -0.29756 0.54807 0.20107
1413393288.755760 -2.92523 -0.79048 0.17657 0.75395 -0.29041 0.55433 0.19986
1413393288.855761 -2.92214 -0.82434 0.17157 0.75699 -0.28476 0.55370 0.19824
1413393288.955760 -2.91978 -0.85764 0.16348 0.76066 -0.28181 0.55144 0.19465
1413393289.055760 -2.91857 -0.88875 0.14630 0.76300 -0.27856 0.55039 0.19316
1413393289.155761 -2.91855 -0.91764 0.12129 0.76233 -0.27664 0.55324 0.19039
1413393289.255760 -2.91824 -0.94695 0.09859 0.76233 -0.27420 0.55554 0.18721
1413393289.355761 -2.91951 -0.97590 0.08196 0.76335 -0.27131 0.55576 0.18659
1413393289.455760 -2.92130 -1.00448 0.07133 0.76590 -0.26899 0.55307 0.18749
1413393289.555760 -2.92364 -1.03194 0.06815 0.76821 -0.26885 0.55004 0.18717
1413393289.655761 -2.92652 -1.05662 0.06758 0.76945 -0.26908 0.54800 0.18774
1413393289.755760 -2.92722 -1.08061 0.06946 0.76938 -0.27012 0.54742 0.18821
1413393289.855761 -2.92678 -1.10447 0.07304 0.76713 -0.27120 0.54964 0.18934
1413393289.955760 -2.92487 -1.12603 0.07975 0.76444 -0.27216 0.55183 0.19246
1413393290.055760 -2.92376 -1.14732 0.08483 0.76319 -0.27471 0.55204 0.19320
1413393290.155761 -2.92231 -1.16517 0.08006 0.76166 -0.27794 0.55238 0.19365
1413393290.255760 -2.92221 -1.17750 0.06588 0.76103 -0.28202 0.55130 0.19330
1413393290.355761 -2.92133 -1.19049 0.04218 0.76292 -0.28447 0.54707 0.19431
1413393290.455760 -2.91918 -1.20184 0.01778 0.76684 -0.28315 0.54294 0.19236
1413393290.555760 -2.91648 -1.21587 -0.00594 0.77104 -0.27872 0.54048 0.18891
1413393290.655761 -2.91115 -1.23052 -0.02767 0.77359 -0.27535 0.53984 0.18521
1413393290.755760 -2.90424 -1.24642 -0.05069 0.77521 -0.27190 0.53994 0.18327
1413393290.855761 -2.89618 -1.26161 -0.07356 0.77536 -0.26888 0.54122 0.18331
1413393290.955760 -2.88504 -1.27843 -0.09796 0.77248 -0.27090 0.54624 0.17749
1413393291.055760 -2.87219 -1.29803 -0.12335 0.76719 -0.27488 0.55376 0.17090
1413393291.155761 -2.86120 -1.31882 -0.14856 0.76144 -0.27749 0.56135 0.16763
1413393291.255760 -2.85385 -1.34322 -0.17313 0.75731 -0.27854 0.56637 0.16769
1413393291.355761 -2.85057 -1.37023 -0.19895 0.75922 -0.27709 0.56286 0.17319
1413393291.455760 -2.85111 -1.39675 -0.22314 0.76444 -0.27170 0.55678 0.17833
1413393291.555760 -2.85300 -1.42304 -0.24325 0.76908 -0.26526 0.55274 0.18064
1413393291.655761 -2.85473 -1.45047 -0.26023 0.77176 -0.25961 0.55123 0.18205
1413393291.755760 -2.85586 -1.47754 -0.27267 0.77421 -0.25575 0.54955 0.18218
1413393291.855761 -2.85459 -1.50407 -0.27680 0.77662 -0.25009 0.54931 0.18048
1413393291.955760 -2.85134 -1.52705 -0.26501 0.77843 -0.24330 0.55043 0.17854
1413393292.055760 -2.84728 -1.54790 -0.24328 0.77702 -0.23617 0.55534 0.17907
1413393292.155761 -2.84224 -1.56508 -0.21937 0.77406 -0.23057 0.56182 0.17898
1413393292.255760 -2.83764 -1.57734 -0.19689 0.77188 -0.22370 0.56765 0.17868
1413393292.355761 -2.83450 -1.58246 -0.17521 0.77089 -0.21971 0.57148 0.17570
1413393292.455760 -2.83203 -1.58403 -0.15460 0.76975 -0.21754 0.57513 0.17146
1413393292.555760 -2.83158 -1.58124 -0.13627 0.77220 -0.21464 0.57384 0.16837
1413393292.655761 -2.83353 -1.57444 -0.12042 0.77663 -0.21027 0.56977 0.16731
1413393292.755760 -2.83547 -1.56289 -0.10252 0.78009 -0.20498 0.56723 0.16638
1413393292.855761 -2.83877 -1.54575 -0.08257 0.78005 -0.20027 0.56953 0.16445
1413393292.955760 -2.84271 -1.52154 -0.05888 0.77934 -0.19726 0.57296 0.15946
1413393293.055760 -2.84659 -1.49408 -0.03726 0.78044 -0.19535 0.57387 0.15306
1413393293.155761 -2.85257 -1.46014 -0.01391 0.78194 -0.19479 0.57378 0.14627
1413393293.255760 -2.85941 -1.42407 0.00915 0.78289 -0.19498 0.57403 0.13986
1413393293.355761 -2.86734 -1.38783 0.02481 0.78316 -0.19628 0.57491 0.13274
1413393293.455760 -2.87706 -1.35184 0.02988 0.78265 -0.19923 0.57623 0.12544
1413393293.555760 -2.88758 -1.31770 0.02653 0.78414 -0.19862 0.57443 0.12534
1413393293.655761 -2.89975 -1.28401 0.01827 0.78711 -0.19383 0.57050 0.13197
1413393293.755760 -2.91341 -1.25016 0.01145 0.79090 -0.18750 0.56566 0.13912
1413393293.855761 -2.92717 -1.21378 0.00946 0.79284 -0.18396 0.56331 0.14232
1413393293.955760 -2.93858 -1.17382 0.01086 0.79444 -0.18099 0.56151 0.14429
1413393294.055760 -2.94838 -1.13033 0.01513 0.79470 -0.17955 0.56163 0.14421
1413393294.155761 -2.95535 -1.08299 0.02392 0.78944 -0.17942 0.56932 0.14305
1413393294.255760 -2.96259 -1.03190 0.03193 0.78538 -0.18111 0.57470 0.14177
1413393294.355761 -2.97088 -0.97890 0.03824 0.78709 -0.18220 0.57165 0.14320
1413393294.455760 -2.97913 -0.92374 0.04335 0.78972 -0.18276 0.56694 0.14667
1413393294.555760 -2.98590 -0.86485 0.04878 0.79227 -0.18560 0.56217 0.14769
1413393294.655761 -2.99161 -0.80492 0.05213 0.79212 -0.19129 0.56145 0.14396
1413393294.755760 -2.99594 -0.74217 0.05553 0.79100 -0.19809 0.56217 0.13805
1413393294.855761 -2.99939 -0.68048 0.05838 0.79008 -0.20396 0.56272 0.13238
1413393294.955760 -3.00142 -0.62075 0.06274 0.79097 -0.20438 0.56075 0.13471
1413393295.055760 -3.00246 -0.56175 0.06907 0.79274 -0.20016 0.55799 0.14192
1413393295.155761 -3.00196 -0.50331 0.07662 0.79362 -0.19757 0.55671 0.14562
1413393295.255760 -2.99806 -0.44403 0.08420 0.79249 -0.20095 0.55795 0.14234
1413393295.355761 -2.99363 -0.38658 0.09242 0.79145 -0.20539 0.55922 0.13673
1413393295.455760 -2.98607 -0.33177 0.09979 0.79024 -0.21098 0.56078 0.12857
1413393295.555760 -2.97841 -0.27919 0.10670 0.78852 -0.21625 0.56293 0.12076
1413393295.655761 -2.97287 -0.23008 0.10679 0.78747 -0.21923 0.56411 0.11669
1413393295.755760 -2.96963 -0.18781 0.09823 0.78782 -0.21869 0.56385 0.11655
1413393295.855761 -2.96612 -0.15140 0.08506 0.79003 -0.21145 0.56167 0.12517
1413393295.955760 -2.96117 -0.11749 0.07471 0.79336 -0.20071 0.55751 0.13958
1413393296.055760 -2.95339 -0.08479 0.06743 0.79527 -0.19335 0.55490 0.14918
1413393296.155761 -2.94297 -0.04931 0.06451 0.79643 -0.19055 0.55333 0.15236
1413393296.255760 -2.92808 -0.01281 0.06390 0.79818 -0.18997 0.55082 0.15302
1413393296.355761 -2.90984 0.02780 0.06649 0.79847 -0.19208 0.55010 0.15148
1413393296.455760 -2.88744 0.06989 0.06868 0.79750 -0.19995 0.55075 0.14385
1413393296.555760 -2.86382 0.11116 0.06256 0.79491 -0.21116 0.55136 0.13975
1413393296.655761 -2.83829 0.15086 0.04545 0.79106 -0.22364 0.55182 0.14040
1413393296.755760 -2.80991 0.18714 0.02523 0.78739 -0.23566 0.55159 0.14220
1413393296.855761 -2.78048 0.21931 0.00530 0.78421 -0.24370 0.55165 0.14599
1413393296.955760 -2.74996 0.24684 -0.01067 0.78236 -0.24797 0.55079 0.15186
1413393297.055760 -2.71851 0.26968 -0.02505 0.78073 -0.25232 0.54927 0.15843
1413393297.155761 -2.68738 0.29032 -0.03751 0.77862 -0.25864 0.54796 0.16308
1413393297.255760 -2.65537 0.30810 -0.04921 0.77566 -0.26536 0.54903 0.16281
1413393297.355761 -2.62321 0.32223 -0.06029 0.77370 -0.26893 0.54952 0.16458
1413393297.455760 -2.59028 0.33352 -0.07104 0.77278 -0.26978 0.54930 0.16820
1413393297.555760 -2.55833 0.34108 -0.07969 0.77268 -0.26843 0.54911 0.17144
1413393297.655761 -2.52592 0.34645 -0.08837 0.77147 -0.26921 0.55087 0.16998
1413393297.755760 -2.49363 0.34981 -0.09729 0.76904 -0.27127 0.55467 0.16534
1413393297.855761 -2.46317 0.34888 -0.10579 0.76621 -0.27268 0.55907 0.16126
1413393297.955760 -2.43416 0.34670 -0.11537 0.76601 -0.27206 0.56029 0.15899
1413393298.055760 -2.40900 0.33862 -0.12388 0.76661 -0.27105 0.56039 0.15752
1413393298.155761 -2.38587 0.32709 -0.13207 0.77029 -0.26902 0.55612 0.15815
1413393298.255760 -2.36346 0.31201 -0.14130 0.77550 -0.26403 0.54982 0.16303
1413393298.355761 -2.34091 0.29407 -0.15062 0.78129 -0.25617 0.54298 0.17071
1413393298.455760 -2.31512 0.27533 -0.15874 0.78408 -0.24638 0.54007 0.18123
1413393298.555760 -2.28607 0.25681 -0.16555 0.78324 -0.23963 0.54216 0.18753
1413393298.655761 -2.25328 0.24059 -0.16984 0.78143 -0.24018 0.54605 0.18307
1413393298.755760 -2.21602 0.22676 -0.17396 0.77881 -0.24593 0.55072 0.17230
1413393298.855761 -2.17597 0.21444 -0.17703 0.77649 -0.25100 0.55404 0.16465
1413393298.955760 -2.13615 0.20066 -0.17872 0.77509 -0.25553 0.55507 0.16075
1413393299.055760 -2.09872 0.18505 -0.17904 0.77437 -0.25858 0.55476 0.16042
1413393299.155761 -2.06174 0.16771 -0.17835 0.77343 -0.25675 0.55473 0.16783
1413393299.255760 -2.02402 0.15029 -0.17517 0.76955 -0.25125 0.55855 0.18082
1413393299.355761 -1.98783 0.13630 -0.17116 0.76152 -0.24852 0.56788 0.18930
1413393299.455760 -1.95400 0.12670 -0.16816 0.75600 -0.25014 0.57434 0.18981
1413393299.555760 -1.92333 0.12191 -0.16517 0.75497 -0.25473 0.57515 0.18531
1413393299.655761 -1.89653 0.12100 -0.16152 0.75678 -0.26036 0.57248 0.17823
1413393299.755760 -1.87519 0.12262 -0.15562 0.75914 -0.26266 0.56930 0.17496
1413393299.855761 -1.85859 0.12540 -0.14770 0.76109 -0.25991 0.56730 0.17709
1413393299.955760 -1.84391 0.13036 -0.14010 0.76684 -0.25449 0.56013 0.18288
1413393300.055760 -1.82969 0.13756 -0.13137 0.77163 -0.24776 0.55419 0.18992
1413393300.155761 -1.81353 0.14723 -0.12227 0.77372 -0.24637 0.55186 0.19001
1413393300.255760 -1.79542 0.16152 -0.11306 0.77382 -0.24971 0.55424 0.17796
1413393300.355761 -1.77578 0.17767 -0.10314 0.77451 -0.24926 0.55946 0.15812
1413393300.455760 -1.75408 0.19302 -0.09099 0.77732 -0.24273 0.56409 0.13660
1413393300.555760 -1.73521 0.20612 -0.07857 0.78121 -0.22843 0.56862 0.11920
1413393300.655761 -1.71871 0.21622 -0.06671 0.78687 -0.20674 0.57165 0.10633
1413393300.755760 -1.70522 0.22096 -0.05521 0.79420 -0.17951 0.57225 0.09775
1413393300.855761 -1.69281 0.22312 -0.04707 0.79855 -0.15444 0.57408 0.09436
1413393300.955760 -1.67995 0.22396 -0.04866 0.79846 -0.13576 0.57920 0.09251
1413393301.055760 -1.66672 0.22619 -0.06069 0.79504 -0.12361 0.58717 0.08864
1413393301.155761 -1.65582 0.23014 -0.08132 0.79274 -0.11275 0.59338 0.08215
1413393301.255760 -1.64820 0.23700 -0.10898 0.79288 -0.10089 0.59661 0.07225
1413393301.355761 -1.64657 0.24816 -0.13627 0.79404 -0.08556 0.59870 0.06113
1413393301.455760 -1.65118 0.26241 -0.15970 0.79616 -0.06903 0.59931 0.04681
1413393301.555760 -1.65851 0.27932 -0.17976 0.80210 -0.04977 0.59420 0.03292
1413393301.655761 -1.66892 0.29829 -0.19622 0.80968 -0.02799 0.58583 0.02088
1413393301.755760 -1.68016 0.31830 -0.20940 0.81412 -0.00907 0.58049 0.01217
1413393301.855761 -1.69061 0.34076 -0.22029 0.81546 0.00466 0.57876 0.00613
1413393301.955760 -1.69931 0.36574 -0.22959 0.81588 0.01411 0.57804 0.00245
1413393302.055760 -1.70622 0.39367 -0.23665 0.81458 0.01957 0.57972 0.00042
1413393302.155761 -1.71089 0.42474 -0.24079 0.81396 0.02037 0.58055 -0.00290
1413393302.255760 -1.71474 0.45941 -0.24264 0.81387 0.01829 0.58074 -0.00543
1413393302.355761 -1.71872 0.49713 -0.24209 0.81307 0.01273 0.58197 -0.00883
1413393302.455760 -1.72279 0.53630 -0.23911 0.81292 0.00621 0.58224 -0.01053
1413393302.555760 -1.72710 0.57607 -0.23313 0.81334 -0.00222 0.58163 -0.01302
1413393302.655761 -1.73050 0.61400 -0.22441 0.81454 -0.01040 0.57982 -0.01525
1413393302.755760 -1.73339 0.65043 -0.21142 0.81560 -0.01522 0.57822 -0.01491
1413393302.855761 -1.73481 0.68352 -0.19619 0.81579 -0.01897 0.57783 -0.01545
1413393302.955760 -1.73471 0.71426 -0.17849 0.81640 -0.02050 0.57692 -0.01524
1413393303.055760 -1.73374 0.74105 -0.16134 0.81596 -0.01831 0.57769 -0.01229
1413393303.155761 -1.73114 0.76538 -0.14365 0.81550 -0.01669 0.57843 -0.01018
1413393303.255760 -1.72777 0.78708 -0.12585 0.81504 -0.01575 0.57910 -0.00965
1413393303.355761 -1.72361 0.80648 -0.10734 0.81573 -0.01045 0.57834 -0.00175
1413393303.455760 -1.71842 0.82633 -0.08710 0.81648 -0.00599 0.57731 0.00595
1413393303.555760 -1.71252 0.84632 -0.06436 0.81562 -0.00467 0.57847 0.01040
1413393303.655761 -1.70552 0.86890 -0.03868 0.81323 -0.00551 0.58180 0.01192
1413393303.755760 -1.69842 0.89276 -0.01161 0.81281 -0.00884 0.58236 0.01083
1413393303.855761 -1.69158 0.91743 0.01647 0.81210 -0.01230 0.58334 0.00802
1413393303.955760 -1.68533 0.94277 0.04397 0.81177 -0.01687 0.58374 0.00203
1413393304.055760 -1.67870 0.96680 0.06319 0.81212 -0.02146 0.58309 -0.00365
1413393304.155761 -1.67133 0.98943 0.07050 0.81568 -0.02293 0.57803 -0.00496
1413393304.255760 -1.66252 1.01020 0.06954 0.82023 -0.01987 0.57169 -0.00185
1413393304.355761 -1.65189 1.02857 0.06245 0.82329 -0.01434 0.56742 0.00393
1413393304.455760 -1.63938 1.04542 0.05443 0.82400 -0.00933 0.56646 0.00800
1413393304.555760 -1.62314 1.06087 0.04645 0.82219 -0.00489 0.56911 0.00937
1413393304.655761 -1.60632 1.07850 0.04066 0.81949 -0.00065 0.57298 0.01162
1413393304.755760 -1.58558 1.09620 0.03498 0.81745 0.00170 0.57590 0.01030
1413393304.855761 -1.56364 1.11659 0.03236 0.81687 0.00197 0.57680 0.00469
1413393304.955760 -1.53990 1.13712 0.03159 0.81756 0.00373 0.57583 0.00266
1413393305.055760 -1.51527 1.15881 0.03187 0.81910 0.00522 0.57362 0.00243
1413393305.155761 -1.48943 1.18091 0.03475 0.82010 0.00371 0.57221 0.00105
1413393305.255760 -1.46097 1.20239 0.04111 0.82031 0.00630 0.57184 0.00712
1413393305.355761 -1.43150 1.22649 0.05153 0.81941 0.00438 0.57305 0.01255
1413393305.455760 -1.40077 1.25221 0.06016 0.82007 -0.00240 0.57210 0.01354
1413393305.555760 -1.36805 1.28268 0.07189 0.81993 -0.00895 0.57222 0.01416
1413393305.655761 -1.33468 1.31298 0.08337 0.82014 -0.01420 0.57176 0.01609
1413393305.755760 -1.29794 1.34399 0.09724 0.81917 -0.01910 0.57266 0.02540
1413393305.855761 -1.26147 1.37663 0.11201 0.81701 -0.02179 0.57483 0.04002
1413393305.955760 -1.22258 1.41295 0.12641 0.81576 -0.02398 0.57555 0.05197
1413393306.055760 -1.18319 1.45689 0.14138 0.81435 -0.03224 0.57730 0.05013
1413393306.155761 -1.14417 1.50669 0.15635 0.81398 -0.03861 0.57775 0.04650
1413393306.255760 -1.10591 1.55992 0.17132 0.81414 -0.04278 0.57751 0.04281
1413393306.355761 -1.06972 1.61437 0.18493 0.81628 -0.04886 0.57424 0.03937
1413393306.455760 -1.03207 1.66852 0.19625 0.81848 -0.06153 0.56986 0.03963
1413393306.555760 -0.99483 1.71878 0.19908 0.81772 -0.07956 0.56824 0.04595
1413393306.655761 -0.95425 1.76800 0.19236 0.81305 -0.09999 0.57064 0.05761
1413393306.755760 -0.91223 1.81593 0.18158 0.80742 -0.12594 0.57327 0.05974
1413393306.855761 -0.87159 1.86003 0.17365 0.80255 -0.14635 0.57516 0.06071
1413393306.955760 -0.83241 1.89786 0.16880 0.79898 -0.16364 0.57495 0.06547
1413393307.055760 -0.79484 1.92846 0.16768 0.79660 -0.17864 0.57237 0.07689
1413393307.155761 -0.75904 1.95121 0.16678 0.79442 -0.19059 0.56876 0.09535
1413393307.255760 -0.72440 1.96809 0.16717 0.79165 -0.20395 0.56443 0.11452
1413393307.355761 -0.69069 1.98177 0.16923 0.78799 -0.21957 0.55971 0.13262
1413393307.455760 -0.65740 1.99144 0.17331 0.78311 -0.23853 0.55406 0.15120
1413393307.555760 -0.62497 1.99902 0.17926 0.77864 -0.26079 0.54550 0.16776
1413393307.655761 -0.59041 2.00423 0.18693 0.77353 -0.28616 0.53591 0.18045
1413393307.755760 -0.55379 2.00677 0.19588 0.76737 -0.30967 0.52657 0.19487
1413393307.855761 -0.51534 2.00639 0.20778 0.75675 -0.32525 0.52374 0.21736
1413393307.955760 -0.47486 2.00428 0.22085 0.74575 -0.34043 0.52058 0.23866
1413393308.055760 -0.43192 2.00322 0.23514 0.73497 -0.35758 0.51584 0.25665
1413393308.155761 -0.38643 2.00298 0.24848 0.72491 -0.37587 0.50894 0.27241
1413393308.255760 -0.33868 2.00343 0.26200 0.71454 -0.39408 0.50154 0.28738
1413393308.355761 -0.28891 2.00494 0.27515 0.70115 -0.41433 0.49662 0.30015
1413393308.455760 -0.23885 2.00680 0.28601 0.68762 -0.43674 0.49101 0.30878
1413393308.555760 -0.18808 2.00915 0.29293 0.67513 -0.46067 0.48310 0.31402
1413393308.655761 -0.13866 2.01288 0.29169 0.66091 -0.48477 0.47523 0.31994
1413393308.755760 -0.09148 2.01424 0.28309 0.64437 -0.50818 0.46857 0.32709
1413393308.855761 -0.05050 2.01302 0.26543 0.62623 -0.52508 0.46364 0.34230
1413393308.955760 -0.01590 2.01000 0.24014 0.60947 -0.53910 0.45688 0.35942
1413393309.055760 0.01422 2.00551 0.21424 0.59462 -0.55273 0.44785 0.37464
1413393309.155761 0.04120 2.00263 0.19039 0.57991 -0.56549 0.43967 0.38809
1413393309.255760 0.06652 2.00076 0.17016 -0.56910 0.57498 -0.43212 -0.39850
1413393309.355761 0.09081 1.99997 0.15248 -0.56519 0.57818 -0.42349 -0.40857
1413393309.455760 0.11569 1.99892 0.13607 -0.56620 0.57845 -0.41575 -0.41468
1413393309.555760 0.14146 1.99852 0.12341 -0.57071 0.57944 -0.40932 -0.41351
1413393309.655761 0.16867 2.00038 0.11497 -0.57806 0.58175 -0.40189 -0.40731
1413393309.755760 0.19553 1.99620 0.10670 -0.58106 0.58408 -0.40169 -0.39983
1413393309.855761 0.22154 1.98999 0.10199 -0.57896 0.58747 -0.40871 -0.39068
1413393309.955760 0.24616 1.98136 0.09822 -0.57715 0.59009 -0.41384 -0.38397
1413393310.055760 0.26745 1.96976 0.09509 -0.57489 0.59159 -0.41884 -0.37959
1413393310.155761 0.28395 1.95405 0.09460 -0.57379 0.58781 -0.42234 -0.38324
1413393310.255760 0.29535 1.93625 0.09579 -0.57785 0.57884 -0.41876 -0.39456
1413393310.355761 0.30565 1.91763 0.09488 0.58254 -0.57177 0.41298 0.40395
1413393310.455760 0.31579 1.89812 0.09366 0.58404 -0.56841 0.41009 0.40942
1413393310.555760 0.32641 1.87854 0.09284 0.58136 -0.57038 0.41371 0.40687
1413393310.655761 0.33740 1.85873 0.09014 0.57668 -0.57546 0.41964 0.40023
1413393310.755760 0.34615 1.83899 0.08814 -0.57209 0.58116 -0.42522 -0.39262
1413393310.855761 0.35093 1.81727 0.08566 -0.56869 0.58584 -0.42789 -0.38768
1413393310.955760 0.35134 1.79561 0.08318 -0.57238 0.58491 -0.41946 -0.39282
1413393311.055760 0.34900 1.77225 0.07903 -0.57647 0.58414 -0.40888 -0.39910
1413393311.155761 0.34509 1.74614 0.07003 -0.57745 0.58461 -0.40287 -0.40309
1413393311.255760 0.34141 1.71758 0.05099 -0.57380 0.58830 -0.40444 -0.40136
1413393311.355761 0.33668 1.68676 0.02750 -0.57400 0.58909 -0.40235 -0.40201
1413393311.455760 0.33109 1.65292 0.00531 -0.57560 0.58833 -0.39863 -0.40454
1413393311.555760 0.32538 1.61527 -0.01431 -0.57740 0.58785 -0.39494 -0.40628
1413393311.655761 0.32076 1.57503 -0.02934 -0.57799 0.58579 -0.39419 -0.40913
1413393311.755760 0.31782 1.52988 -0.03872 -0.57652 0.58140 -0.39811 -0.41366
1413393311.855761 0.31780 1.48403 -0.04493 -0.57572 0.57626 -0.40353 -0.41669
1413393311.955760 0.32046 1.43708 -0.04980 0.57739 -0.57123 0.40905 0.41592
1413393312.055760 0.32526 1.39195 -0.05207 0.57891 -0.56215 0.41604 0.41924
1413393312.155761 0.33301 1.34825 -0.05420 0.58102 -0.55401 0.42113 0.42206
1413393312.255760 0.34357 1.30703 -0.05644 0.58364 -0.55322 0.42279 0.41781
1413393312.355761 0.35551 1.26781 -0.05802 0.58005 -0.55877 0.43058 0.40734
1413393312.455760 0.36736 1.23300 -0.05981 0.57746 -0.56698 0.43612 0.39355
1413393312.555760 0.37658 1.19906 -0.06146 0.57593 -0.57210 0.43821 0.38596
1413393312.655761 0.38161 1.16647 -0.06088 0.57889 -0.56744 0.43388 0.39324
1413393312.755760 0.38445 1.13472 -0.06013 0.58380 -0.56319 0.42726 0.39930
1413393312.855761 0.38647 1.10362 -0.05904 0.58533 -0.56097 0.42676 0.40073
1413393312.955760 0.38919 1.07277 -0.05607 0.58383 -0.55791 0.43297 0.40053
1413393313.055760 0.39157 1.04472 -0.05067 0.58405 -0.55392 0.43886 0.39933
1413393313.155761 0.39333 1.02001 -0.04500 0.59435 -0.55050 0.43198 0.39633
1413393313.255760 0.39560 0.99543 -0.03558 0.60407 -0.54649 0.42691 0.39267
1413393313.355761 0.39818 0.97380 -0.02659 0.60711 -0.54541 0.43033 0.38570
1413393313.455760 0.40002 0.95186 -0.01597 0.60614 -0.54516 0.43549 0.38177
1413393313.555760 0.40080 0.92811 -0.00792 0.59866 -0.54507 0.44595 0.38162
1413393313.655761 0.39687 0.90875 -0.00834 0.58628 -0.54766 0.45752 0.38343
1413393313.755760 0.38653 0.89405 -0.01091 0.57691 -0.54790 0.45954 0.39472
1413393313.855761 0.37129 0.88736 -0.01351 0.57272 -0.54904 0.45348 0.40608
1413393313.955760 0.35351 0.88673 -0.01787 0.57594 -0.56022 0.43528 0.40618
1413393314.055760 0.33350 0.88811 -0.02158 0.57656 -0.57383 0.41938 0.40300
1413393314.155761 0.31262 0.88718 -0.02197 -0.57523 0.58037 -0.41314 -0.40198
1413393314.255760 0.29196 0.88452 -0.01976 -0.57796 0.57812 -0.41074 -0.40378
1413393314.355761 0.27296 0.88097 -0.01612 0.58483 -0.57104 0.41304 0.40162
1413393314.455760 0.25555 0.87634 -0.01415 0.59818 -0.55979 0.41550 0.39520
1413393314.555760 0.24164 0.86977 -0.01319 0.61383 -0.54423 0.42261 0.38526
1413393314.655761 0.23219 0.86163 -0.01295 0.63169 -0.52628 0.43015 0.37277
1413393314.755760 0.22604 0.85185 -0.01520 0.64771 -0.51011 0.43698 0.35959
1413393314.855761 0.22310 0.83774 -0.01894 0.66034 -0.49684 0.44395 0.34642
1413393314.955760 0.22424 0.82025 -0.02386 0.67183 -0.48390 0.45145 0.33267
1413393315.055760 0.22872 0.79828 -0.03005 0.68008 -0.47340 0.45965 0.31955
1413393315.155761 0.23588 0.77160 -0.03822 0.68623 -0.46507 0.46427 0.31186
1413393315.255760 0.24510 0.74017 -0.04750 0.69007 -0.45604 0.46602 0.31410
1413393315.355761 0.25726 0.70607 -0.05855 0.69123 -0.44727 0.46656 0.32323
1413393315.455760 0.27475 0.67105 -0.06873 0.68978 -0.43904 0.46694 0.33677
1413393315.555760 0.29904 0.63774 -0.07809 0.68536 -0.43730 0.47015 0.34353
1413393315.655761 0.32957 0.60780 -0.08125 0.67876 -0.43953 0.47748 0.34368
1413393315.755760 0.36442 0.58234 -0.07297 0.67389 -0.44447 0.48245 0.33994
1413393315.855761 0.40114 0.56226 -0.05072 0.66960 -0.45152 0.48799 0.33110
1413393315.955760 0.43882 0.54439 -0.02116 0.66834 -0.45583 0.48988 0.32490
1413393316.055760 0.47600 0.52709 0.00947 0.66784 -0.45630 0.49057 0.32421
1413393316.155761 0.51282 0.50997 0.04236 0.66962 -0.45311 0.48872 0.32780
1413393316.255760 0.55024 0.49568 0.07852 0.67103 -0.44899 0.48791 0.33178
1413393316.355761 0.58874 0.48206 0.11564 0.67188 -0.44785 0.48858 0.33059
1413393316.455760 0.62784 0.47087 0.15311 0.67316 -0.44804 0.48902 0.32706
1413393316.555760 0.66777 0.46200 0.18995 0.67469 -0.44869 0.48915 0.32281
1413393316.655761 0.70830 0.45363 0.22410 0.67735 -0.44872 0.48787 0.31911
1413393316.755760 0.74890 0.44603 0.25159 0.68102 -0.44813 0.48544 0.31582
1413393316.855761 0.78975 0.43863 0.26824 0.68393 -0.44651 0.48464 0.31302
1413393316.955760 0.83125 0.43128 0.27182 0.68636 -0.44407 0.48480 0.31093
1413393317.055760 0.87542 0.42237 0.26823 0.68600 -0.44036 0.48776 0.31239
1413393317.155761 0.92029 0.41465 0.25939 0.68305 -0.43573 0.49387 0.31573
1413393317.255760 0.96422 0.40854 0.25061 0.67988 -0.43257 0.49845 0.31970
1413393317.355761 1.00881 0.40534 0.24357 0.67706 -0.43156 0.50171 0.32194
1413393317.455760 1.05307 0.40645 0.23791 0.67597 -0.43167 0.50181 0.32389
1413393317.555760 1.09829 0.41110 0.22899 0.67434 -0.43228 0.50248 0.32544
1413393317.655761 1.14493 0.42177 0.21130 0.67387 -0.43444 0.50164 0.32484
1413393317.755760 1.19017 0.43484 0.18650 0.67245 -0.43740 0.50174 0.32365
1413393317.855761 1.23589 0.45361 0.16413 0.67214 -0.44018 0.49953 0.32395
1413393317.955760 1.27997 0.47391 0.14300 0.67338 -0.44258 0.49444 0.32591
1413393318.055760 1.32659 0.49822 0.12153 0.67370 -0.44763 0.48903 0.32650
1413393318.155761 1.37097 0.52249 0.09720 0.67264 -0.45463 0.48603 0.32348
1413393318.255760 1.41727 0.54872 0.07150 0.66881 -0.46321 0.48688 0.31793
1413393318.355761 1.46155 0.57509 0.04424 0.66351 -0.46950 0.49051 0.31422
1413393318.455760 1.50267 0.59930 0.01502 0.66050 -0.47290 0.49246 0.31238
1413393318.555760 1.53915 0.62152 -0.01597 0.65860 -0.47444 0.49336 0.31265
1413393318.655761 1.57314 0.64321 -0.04695 0.65740 -0.47566 0.49380 0.31263
1413393318.755760 1.60345 0.66225 -0.07335 0.65673 -0.47617 0.49490 0.31152
1413393318.855761 1.63016 0.68330 -0.09315 0.65589 -0.47338 0.49632 0.31526
1413393318.955760 1.65186 0.70404 -0.10720 0.65187 -0.46737 0.50283 0.32215
1413393319.055760 1.67098 0.72736 -0.11823 0.65090 -0.46402 0.50499 0.32558
1413393319.155761 1.68540 0.75288 -0.12690 0.65498 -0.46727 0.50051 0.31960
1413393319.255760 1.69670 0.78302 -0.12785 0.65979 -0.47058 0.49507 0.31327
1413393319.355761 1.70522 0.81203 -0.12901 0.66447 -0.47416 0.48914 0.30724
1413393319.455760 1.70913 0.83946 -0.13772 0.66817 -0.47595 0.48442 0.30391
1413393319.555760 1.71243 0.86438 -0.15384 0.67227 -0.48095 0.47913 0.29525
1413393319.655761 1.71275 0.88377 -0.17377 0.67490 -0.48653 0.47589 0.28519
1413393319.755760 1.71017 0.89576 -0.19458 0.67686 -0.48482 0.47447 0.28581
1413393319.855761 1.70708 0.89502 -0.22137 0.68006 -0.47425 0.47238 0.29911
1413393319.955760 1.70586 0.88961 -0.25241 0.68080 -0.46415 0.47329 0.31157
1413393320.055760 1.70546 0.88337 -0.28425 0.68002 -0.45760 0.47553 0.31945
1413393320.155761 1.70707 0.87681 -0.31664 0.67586 -0.45295 0.48145 0.32598
1413393320.255760 1.71144 0.87075 -0.34699 0.67048 -0.45098 0.48759 0.33065
1413393320.355761 1.71790 0.86810 -0.36926 0.67045 -0.45527 0.48520 0.32832
1413393320.455760 1.72596 0.86830 -0.37613 0.67388 -0.46215 0.47835 0.32168
1413393320.555760 1.73649 0.86861 -0.37645 0.67652 -0.46475 0.47257 0.32094
1413393320.655761 1.74887 0.86828 -0.38502 0.67761 -0.46570 0.46879 0.32280
1413393320.755760 1.76445 0.86666 -0.42054 0.67682 -0.46567 0.46886 0.32440
1413393320.855761 1.77498 0.86805 -0.45624 0.66498 -0.46103 0.48322 0.33430
1413393320.955760 1.76458 0.87313 -0.42908 0.67469 -0.46142 0.46774 0.33630
1413393321.055760 1.75768 0.87974 -0.43173 0.68582 -0.46075 0.45325 0.33456
1413393321.155761 1.75267 0.88509 -0.45639 0.66006 -0.46050 0.49086 0.33366
1413393321.255760 1.74955 0.89003 -0.44142 0.66104 -0.45288 0.48591 0.34903
1413393321.355761 1.74854 0.88832 -0.45600 0.66118 -0.46687 0.48200 0.33548
1413393321.455760 1.74829 0.89080 -0.45195 0.65673 -0.46293 0.48736 0.34187
1413393321.555760 1.74804 0.88965 -0.45339 0.65927 -0.46386 0.48431 0.34006
1413393321.655761 1.74852 0.89078 -0.45378 0.65865 -0.46222 0.48525 0.34215
1413393321.755760 1.74819 0.89014 -0.45431 0.65911 -0.46291 0.48485 0.34090
1413393321.855761 1.74796 0.89045 -0.45417 0.65858 -0.46235 0.48573 0.34141
1413393321.955760 1.74819 0.89036 -0.45428 0.65892 -0.46259 0.48538 0.34093
1413393322.055760 1.74798 0.89049 -0.45424 0.65850 -0.46232 0.48603 0.34119
1413393322.155761 1.74791 0.89037 -0.45430 0.65873 -0.46234 0.48581 0.34104
1413393322.255760 1.74794 0.89043 -0.45431 0.65865 -0.46229 0.48592 0.34111
1413393322.355761 1.74796 0.89047 -0.45426 0.65870 -0.46221 0.48596 0.34104
1413393322.455760 1.74788 0.89040 -0.45431 0.65874 -0.46230 0.48586 0.34099
1413393322.555760 1.74788 0.89042 -0.45428 0.65879 -0.46216 0.48597 0.34093
1413393322.655761 1.74790 0.89041 -0.45431 0.65876 -0.46231 0.48589 0.34090
1413393322.755760 1.74790 0.89040 -0.45434 0.65880 -0.46229 0.48597 0.34073
1413393322.855761 1.74788 0.89041 -0.45438 0.65878 -0.46225 0.48600 0.34079
1413393322.955760 1.74787 0.89040 -0.45437 0.65876 -0.46228 0.48605 0.34072
1413393323.055760 1.74788 0.89040 -0.45441 0.65879 -0.46224 0.48610 0.34063
1413393323.155761 1.74787 0.89041 -0.45445 0.65881 -0.46221 0.48613 0.34058
1413393323.255760 1.74787 0.89041 -0.45451 0.65880 -0.46220 0.48618 0.34057
1413393323.355761 1.74786 0.89042 -0.45457 0.65875 -0.46221 0.48625 0.34055
1413393323.455760 1.74784 0.89041 -0.45464 0.65869 -0.46224 0.48634 0.34048
1413393323.555760 1.74783 0.89040 -0.45468 0.65871 -0.46221 0.48640 0.34041
1413393323.655761 1.74783 0.89040 -0.45471 0.65869 -0.46223 0.48642 0.34040
1413393323.755760 1.74784 0.89040 -0.45473 0.65870 -0.46222 0.48643 0.34038
1413393323.855761 1.74783 0.89041 -0.45475 0.65871 -0.46216 0.48648 0.34036
1413393323.955760 1.74783 0.89041 -0.45478 0.65869 -0.46216 0.48650 0.34037
1413393324.055760 1.74783 0.89042 -0.45479 0.65869 -0.46217 0.48650 0.34037
1413393324.155761 1.74783 0.89042 -0.45480 0.65869 -0.46217 0.48650 0.34035
1413393324.255760 1.74783 0.89042 -0.45482 0.65868 -0.46218 0.48653 0.34033
1413393324.355761 1.74782 0.89041 -0.45484 0.65867 -0.46218 0.48653 0.34033
1413393324.455760 1.74782 0.89042 -0.45486 0.65865 -0.46218 0.48659 0.34031
1413393324.555760 1.74783 0.89042 -0.45486 0.65869 -0.46217 0.48653 0.34031
1413393324.655761 1.74783 0.89042 -0.45486 0.65868 -0.46216 0.48653 0.34036
1413393324.755760 1.74782 0.89042 -0.45488 0.65868 -0.46215 0.48654 0.34036
1413393324.855761 1.74783 0.89043 -0.45489 0.65867 -0.46215 0.48652 0.34039
1413393324.955760 1.74783 0.89043 -0.45490 0.65866 -0.46215 0.48654 0.34039
1413393325.055760 1.74782 0.89043 -0.45493 0.65862 -0.46214 0.48659 0.34040
1413393325.155761 1.74783 0.89042 -0.45495 0.65866 -0.46213 0.48659 0.34035
1413393325.255760 1.74785 0.89043 -0.45495 0.65865 -0.46210 0.48662 0.34035
1413393325.355761 1.74786 0.89047 -0.45495 0.65867 -0.46207 0.48665 0.34031
1413393325.455760 1.74782 0.89047 -0.45497 0.65857 -0.46216 0.48661 0.34045
1413393325.555760 1.74780 0.89047 -0.45497 0.65850 -0.46222 0.48661 0.34051
1413393325.655761 1.74778 0.89045 -0.45498 0.65847 -0.46223 0.48655 0.34063
1413393325.755760 1.74779 0.89046 -0.45500 0.65850 -0.46212 0.48666 0.34058
1413393325.855761 1.74781 0.89047 -0.45501 0.65849 -0.46211 0.48666 0.34060
1413393325.955760 1.74780 0.89047 -0.45503 0.65848 -0.46209 0.48670 0.34058
1413393326.055760 1.74781 0.89048 -0.45503 0.65849 -0.46205 0.48672 0.34060
1413393326.155761 1.74781 0.89049 -0.45505 0.65845 -0.46207 0.48674 0.34061
