1413394888.155761 0.02396 0.06300 0.29672 0.82437 0.01117 0.56587 0.00865
1413394888.255760 0.04901 0.08259 0.32783 0.82035 0.01186 0.57166 0.00920
1413394888.355761 0.07737 0.10479 0.35777 0.82092 0.01332 0.57080 0.01003
1413394888.455760 0.10932 0.12949 0.38805 0.82323 0.01390 0.56743 0.01094
1413394888.555760 0.14484 0.15671 0.41623 0.82591 0.01072 0.56364 0.00754
1413394888.655761 0.18374 0.18531 0.43134 0.82704 0.00801 0.56207 0.00425
1413394888.755760 0.22682 0.21315 0.43378 0.82282 0.00483 0.56828 0.00047
1413394888.855761 0.27457 0.24218 0.43992 0.81690 0.00055 0.57675 -0.00528
1413394888.955760 0.32318 0.26962 0.44664 0.81286 -0.00324 0.58235 -0.01100
1413394889.055760 0.36898 0.29227 0.45345 0.81054 -0.00502 0.58550 -0.01373
1413394889.155761 0.41607 0.31360 0.46441 0.80958 -0.00499 0.58683 -0.01345
1413394889.255760 0.46246 0.33087 0.47947 0.79970 -0.00150 0.60035 -0.00761
1413394889.355761 0.49717 0.34332 0.49762 0.77302 0.00232 0.63437 -0.00243
1413394889.455760 0.51969 0.35611 0.52174 0.74178 0.00459 0.67062 0.00069
1413394889.555760 0.51696 0.36715 0.54133 0.73814 0.00696 0.67458 0.00576
1413394889.655761 0.49074 0.37799 0.55762 0.77200 0.00575 0.63554 0.00790
1413394889.755760 0.45385 0.39022 0.57571 0.81341 0.00403 0.58159 0.01030
1413394889.855761 0.41475 0.40446 0.59784 0.84650 0.00054 0.53230 0.00981
1413394889.955760 0.38529 0.41898 0.61879 0.86914 -0.00424 0.49449 0.00834
1413394890.055760 0.37366 0.43333 0.63053 0.88514 -0.00705 0.46518 0.00933
1413394890.155761 0.38368 0.44610 0.63264 0.88781 -0.01426 0.45997 0.00443
1413394890.255760 0.42631 0.45340 0.63564 0.86779 -0.02063 0.49651 -0.00180
1413394890.355761 0.48708 0.45935 0.63158 0.83670 -0.02772 0.54687 -0.00971
1413394890.455760 0.55604 0.45730 0.62196 0.80169 -0.03129 0.59671 -0.01578
1413394890.555760 0.61912 0.44628 0.60776 0.76702 -0.03011 0.64075 -0.01490
1413394890.655761 0.66463 0.43132 0.59233 0.74367 -0.02508 0.66807 -0.00337
1413394890.755760 0.68317 0.40766 0.57614 0.73456 -0.01862 0.67825 0.00665
1413394890.855761 0.67255 0.38273 0.55465 0.75952 -0.01400 0.65016 0.01467
1413394890.955760 0.64730 0.35795 0.53842 0.80036 -0.01271 0.59913 0.01781
1413394891.055760 0.61908 0.33636 0.52378 0.83812 -0.01251 0.54492 0.02153
1413394891.155761 0.59977 0.31575 0.51418 0.86242 -0.01329 0.50546 0.02400
1413394891.255760 0.60551 0.28703 0.50723 0.87553 -0.01334 0.48225 0.02653
1413394891.355761 0.63191 0.26112 0.50737 0.87713 -0.01289 0.47913 0.02997
1413394891.455760 0.68450 0.23322 0.50810 0.86225 -0.00953 0.50520 0.03470
1413394891.555760 0.75808 0.21341 0.51822 0.84128 -0.00787 0.53913 0.03915
1413394891.655761 0.83949 0.19719 0.52761 0.82444 -0.00574 0.56407 0.04572
1413394891.755760 0.91911 0.18129 0.53683 0.81462 -0.00778 0.57762 0.05182
1413394891.855761 0.99415 0.16373 0.55518 0.80659 -0.01672 0.58750 0.06299
1413394891.955760 1.07086 0.15284 0.58749 0.78878 -0.01823 0.61035 0.07040
1413394892.055760 1.14583 0.15106 0.62544 0.77373 -0.01547 0.62905 0.07350
1413394892.155761 1.21569 0.15655 0.66086 0.76553 -0.00603 0.63959 0.06975
1413394892.255760 1.27480 0.17284 0.69375 0.76437 0.01113 0.64192 0.05965
1413394892.355761 1.31965 0.19635 0.71781 0.76561 0.03155 0.64102 0.04403
1413394892.455760 1.35456 0.22356 0.72496 0.76619 0.05404 0.63990 0.02364
1413394892.555760 1.37441 0.25805 0.72085 0.76825 0.08046 0.63507 0.00141
1413394892.655761 1.38256 0.29818 0.71660 0.77571 0.10987 0.62098 -0.02425
1413394892.755760 1.38037 0.34195 0.71779 0.78314 0.14256 0.60303 -0.05222
1413394892.855761 1.37120 0.38929 0.72151 0.78485 0.17718 0.58817 -0.08170
1413394892.955760 1.35954 0.43897 0.72602 0.78788 0.21255 0.56796 -0.10722
1413394893.055760 1.34485 0.48974 0.73258 0.78667 0.24965 0.54976 -0.12883
1413394893.155761 1.32842 0.54469 0.74244 0.77805 0.28962 0.53816 -0.14536
1413394893.255760 1.30897 0.60522 0.75165 0.76710 0.32363 0.52806 -0.16725
1413394893.355761 1.27979 0.66718 0.76403 0.75024 0.34871 0.52802 -0.19165
1413394893.455760 1.23720 0.72911 0.78223 0.72773 0.37414 0.53685 -0.20549
1413394893.555760 1.18079 0.79098 0.80061 0.70713 0.39603 0.54377 -0.21781
1413394893.655761 1.11536 0.84764 0.80971 0.68922 0.41338 0.55203 -0.22214
1413394893.755760 1.04550 0.90102 0.81146 0.67285 0.42501 0.56326 -0.22220
1413394893.855761 0.96957 0.95468 0.80725 0.66607 0.42610 0.56885 -0.22627
1413394893.955760 0.87605 1.02204 0.80108 0.66527 0.42281 0.56807 -0.23653
1413394894.055760 0.76951 1.09120 0.79319 0.65979 0.42305 0.56693 -0.25357
1413394894.155761 0.65574 1.15635 0.77805 0.65541 0.42640 0.55803 -0.27789
1413394894.255760 0.51991 1.23204 0.75912 0.65572 0.42833 0.53673 -0.31381
1413394894.355761 0.36993 1.29974 0.73870 0.65301 0.43930 0.51398 -0.34120
1413394894.455760 0.22172 1.35834 0.71331 0.64784 0.45613 0.49163 -0.36132
1413394894.555760 0.08070 1.40248 0.68469 0.63850 0.47803 0.47448 -0.37239
1413394894.655761 -0.05879 1.43798 0.65012 0.62795 0.49647 0.45901 -0.38537
1413394894.755760 -0.18679 1.46179 0.61546 0.61147 0.51517 0.45611 -0.39072
1413394894.855761 -0.31242 1.48632 0.58045 0.60246 0.52964 0.44982 -0.39266
1413394894.955760 -0.43245 1.50800 0.54605 0.60258 0.53705 0.43724 -0.39661
1413394895.055760 -0.55322 1.52749 0.51600 0.60923 0.53618 0.42276 -0.40328
1413394895.155761 -0.67138 1.54493 0.48942 0.61479 0.53668 0.41503 -0.40221
1413394895.255760 -0.78162 1.56547 0.46803 0.61858 0.53320 0.41478 -0.40127
1413394895.355761 -0.88170 1.58166 0.45327 0.61600 0.53527 0.42605 -0.39053
1413394895.455760 -0.98405 1.59709 0.44452 0.60876 0.54112 0.44428 -0.37312
1413394895.555760 -1.08705 1.60869 0.44758 0.60826 0.54460 0.45176 -0.35965
1413394895.655761 -1.19028 1.62068 0.46678 0.61329 0.54003 0.45028 -0.35985
1413394895.755760 -1.29329 1.63549 0.50275 0.62152 0.53493 0.44109 -0.36470
1413394895.855761 -1.39786 1.65187 0.54323 0.62535 0.53054 0.43651 -0.37003
1413394895.955760 -1.49929 1.67092 0.57338 0.62526 0.52938 0.43543 -0.37310
1413394896.055760 -1.60123 1.69382 0.59071 0.62436 0.52936 0.43536 -0.37473
1413394896.155761 -1.70167 1.71635 0.59668 0.62326 0.53075 0.43432 -0.37578
1413394896.255760 -1.80240 1.74166 0.59198 0.62658 0.52748 0.42821 -0.38183
1413394896.355761 -1.90071 1.76844 0.58098 0.63749 0.51443 0.41117 -0.39989
1413394896.455760 -1.98355 1.79592 0.57112 0.64680 0.50366 0.39454 -0.41511
1413394896.555760 -2.05457 1.82241 0.55839 0.65594 0.49236 0.37861 -0.42893
1413394896.655761 -2.11217 1.84627 0.53682 0.66527 0.47845 0.36141 -0.44484
1413394896.755760 -2.14945 1.86607 0.50648 0.67326 0.46419 0.34452 -0.46104
1413394896.855761 -2.15713 1.88113 0.47006 0.67739 0.45069 0.33434 -0.47564
1413394896.955760 -2.12885 1.89074 0.43491 0.67713 0.44218 0.33438 -0.48390
1413394897.055760 -2.06065 1.89399 0.40550 0.67958 0.43694 0.32880 -0.48903
1413394897.155761 -1.95096 1.89697 0.38241 0.67856 0.44115 0.33218 -0.48436
1413394897.255760 -1.80412 1.89035 0.36826 0.67301 0.45440 0.34695 -0.46925
1413394897.355761 -1.62739 1.88069 0.36037 0.65308 0.48511 0.38672 -0.43427
1413394897.455760 -1.43489 1.87003 0.35743 0.63398 0.50665 0.41853 -0.40769
1413394897.555760 -1.23767 1.85885 0.35754 0.62276 0.51924 0.43482 -0.39178
1413394897.655761 -1.04209 1.84770 0.36211 0.61647 0.52499 0.44218 -0.38578
1413394897.755760 -0.84960 1.83490 0.37097 0.61131 0.52490 0.44771 -0.38774
1413394897.855761 -0.66049 1.81932 0.38380 0.60594 0.52343 0.45303 -0.39195
1413394897.955760 -0.47432 1.80015 0.40153 0.60070 0.52172 0.45917 -0.39512
1413394898.055760 -0.28874 1.77745 0.42157 0.60057 0.52455 0.45882 -0.39198
1413394898.155761 -0.11563 1.74914 0.44506 0.59835 0.53084 0.46015 -0.38529
1413394898.255760 0.04658 1.71650 0.47164 0.59195 0.53864 0.46612 -0.37708
1413394898.355761 0.19360 1.67995 0.50092 0.57887 0.55173 0.47579 -0.36625
1413394898.455760 0.32240 1.64064 0.52983 0.56371 0.56932 0.47931 -0.35829
1413394898.555760 0.43617 1.59870 0.55920 0.54819 0.59013 0.47290 -0.35722
1413394898.655761 0.53175 1.55790 0.59027 0.53322 0.60923 0.46550 -0.35753
1413394898.755760 0.60242 1.51725 0.62238 0.53010 0.62308 0.44966 -0.35857
1413394898.855761 0.65276 1.47696 0.65715 0.52761 0.63444 0.43918 -0.35530
1413394898.955760 0.68167 1.44480 0.69423 0.51881 0.64629 0.44133 -0.34406
1413394899.055760 0.68467 1.41691 0.72766 0.51795 0.65297 0.43931 -0.33521
1413394899.155761 0.66748 1.39572 0.75105 0.52765 0.65553 0.42684 -0.33116
1413394899.255760 0.62950 1.38222 0.76493 0.52940 0.65791 0.42391 -0.32739
1413394899.355761 0.57342 1.37891 0.76915 0.53114 0.65447 0.42192 -0.33397
1413394899.455760 0.49815 1.38672 0.76360 0.54279 0.64224 0.40564 -0.35826
1413394899.555760 0.41028 1.40229 0.74755 0.54595 0.63787 0.38666 -0.38152
1413394899.655761 0.31227 1.42700 0.72621 0.53566 0.64584 0.37185 -0.39709
1413394899.755760 0.20521 1.45773 0.70547 0.51774 0.66081 0.35708 -0.40959
1413394899.855761 0.09096 1.49468 0.68812 0.49189 0.67546 0.34502 -0.42749
1413394899.955760 -0.03242 1.53726 0.67289 0.46676 0.68527 0.32933 -0.45176
1413394900.055760 -0.15993 1.58265 0.66938 0.44337 0.69272 0.31058 -0.47655
1413394900.155761 -0.28865 1.62862 0.68124 -0.41774 -0.69761 -0.29574 0.50136
1413394900.255760 -0.41775 1.67443 0.69652 -0.39587 -0.70203 -0.27899 0.52211
1413394900.355761 -0.54176 1.71854 0.70501 -0.36998 -0.70839 -0.27141 0.53632
1413394900.455760 -0.66045 1.75723 0.70536 -0.33997 -0.71941 -0.26989 0.54225
1413394900.555760 -0.77488 1.78879 0.69742 -0.30871 -0.73566 -0.27147 0.53834
1413394900.655761 -0.88989 1.81038 0.68478 -0.27641 -0.74885 -0.27594 0.53543
1413394900.755760 -1.01084 1.81981 0.67348 -0.24676 -0.75775 -0.27521 0.53776
1413394900.855761 -1.13176 1.80812 0.67311 -0.22124 -0.76769 -0.26296 0.54089
1413394900.955760 -1.26095 1.77653 0.69147 -0.19571 -0.77534 -0.24492 0.54824
1413394901.055760 -1.39381 1.72680 0.72588 -0.16737 -0.78099 -0.22524 0.55795
1413394901.155761 -1.52914 1.65775 0.75984 -0.13976 -0.78186 -0.19943 0.57392
1413394901.255760 -1.66008 1.57244 0.78636 -0.12362 -0.77787 -0.15982 0.59505
1413394901.355761 -1.78830 1.48231 0.80592 -0.11349 -0.77287 -0.11477 0.61369
1413394901.455760 -1.91122 1.38746 0.82016 -0.10399 -0.76311 -0.07344 0.63361
1413394901.555760 -2.01499 1.28974 0.82587 -0.09032 -0.75789 -0.04352 0.64463
1413394901.655761 -2.10339 1.19301 0.82190 -0.06773 -0.76763 -0.02540 0.63680
1413394901.755760 -2.18241 1.09715 0.80966 -0.03472 -0.78011 -0.01646 0.62446
1413394901.855761 -2.24575 0.99816 0.79996 0.00742 -0.78520 -0.01072 0.61910
1413394901.955760 -2.29890 0.89587 0.79573 0.04998 -0.78263 0.00110 0.62048
1413394902.055760 -2.34127 0.79032 0.79670 0.08512 -0.78027 0.02078 0.61928
1413394902.155761 -2.37803 0.67701 0.80182 0.11537 -0.77690 0.04076 0.61761
1413394902.255760 -2.40602 0.55718 0.80153 0.14044 -0.76964 0.06357 0.61959
1413394902.355761 -2.42114 0.43409 0.79603 0.16378 -0.75686 0.08198 0.62739
1413394902.455760 -2.42056 0.31155 0.78444 0.18000 -0.74550 0.10378 0.63330
1413394902.555760 -2.40140 0.19418 0.77295 0.17873 -0.74451 0.14217 0.62734
1413394902.655761 -2.37002 0.08359 0.76375 0.16859 -0.75015 0.17965 0.61366
1413394902.755760 -2.32609 -0.00100 0.76027 0.15650 -0.75971 0.21078 0.59491
1413394902.855761 -2.28347 -0.06655 0.75703 0.15241 -0.76892 0.22164 0.58000
1413394902.955760 -2.24033 -0.12298 0.74985 0.15648 -0.77795 0.21211 0.57037
1413394903.055760 -2.19715 -0.15974 0.73433 0.15632 -0.78485 0.19856 0.56581
1413394903.155761 -2.15441 -0.18731 0.70664 0.14608 -0.79849 0.18763 0.55306
1413394903.255760 -2.11648 -0.19921 0.66410 0.13015 -0.81832 0.17675 0.53120
1413394903.355761 -2.09001 -0.20473 0.61871 0.11760 -0.82700 0.15161 0.52845
1413394903.455760 -2.07547 -0.19900 0.58362 0.10721 -0.82107 0.12997 0.54539
1413394903.555760 -2.07231 -0.19002 0.55992 0.09749 -0.81277 0.11370 0.56300
1413394903.655761 -2.07687 -0.17112 0.55343 0.09566 -0.80634 0.09700 0.57555
1413394903.755760 -2.08181 -0.14974 0.56301 0.09620 -0.80378 0.08437 0.58100
1413394903.855761 -2.08542 -0.12760 0.58593 0.10279 -0.80271 0.06954 0.58332
1413394903.955760 -2.08651 -0.10724 0.60715 0.10741 -0.80416 0.05201 0.58231
1413394904.055760 -2.08698 -0.09085 0.61775 0.09192 -0.80979 0.04713 0.57756
1413394904.155761 -2.08704 -0.07716 0.61807 0.06131 -0.81978 0.04789 0.56737
1413394904.255760 -2.08963 -0.06099 0.60997 0.02808 -0.83145 0.04059 0.55340
1413394904.355761 -2.09993 -0.04249 0.59605 -0.00518 -0.84114 0.02191 0.54036
1413394904.455760 -2.11885 -0.02158 0.57605 -0.03975 -0.84554 -0.00446 0.53242
1413394904.555760 -2.14720 0.00289 0.55432 -0.07300 -0.83856 -0.03757 0.53858
1413394904.655761 -2.18142 0.03010 0.53534 -0.10916 -0.82273 -0.06743 0.55376
1413394904.755760 -2.22226 0.05750 0.51942 -0.14483 -0.80751 -0.09585 0.56370
1413394904.855761 -2.26371 0.08671 0.50694 -0.17753 -0.79143 -0.12565 0.57126
1413394904.955760 -2.30191 0.11301 0.50066 -0.20953 -0.77004 -0.15546 0.58221
1413394905.055760 -2.33355 0.13161 0.49802 -0.24137 -0.74175 -0.18316 0.59833
1413394905.155761 -2.35399 0.14385 0.49851 -0.27376 -0.71705 -0.20418 0.60762
1413394905.255760 -2.36166 0.14850 0.49521 -0.31276 -0.71600 -0.20725 0.58870
1413394905.355761 -2.35769 0.14954 0.48688 -0.35105 -0.74032 -0.19556 0.53894
1413394905.455760 -2.36173 0.15800 0.48267 0.37981 0.77032 0.17871 -0.48002
1413394905.555760 -2.36770 0.17769 0.48354 0.39767 0.79095 0.16855 -0.43341
1413394905.655761 -2.38461 0.22704 0.49414 0.39153 0.79498 0.18451 -0.42505
1413394905.755760 -2.42189 0.30112 0.51757 0.36870 0.77213 0.22019 -0.46839
1413394905.855761 -2.46614 0.38323 0.54590 -0.33977 -0.73163 -0.25625 0.53256
1413394905.955760 -2.51038 0.45843 0.57399 -0.31380 -0.69140 -0.28011 0.58740
1413394906.055760 -2.54104 0.51545 0.60033 -0.29903 -0.65844 -0.28508 0.62910
1413394906.155761 -2.55773 0.55202 0.62448 -0.30146 -0.63956 -0.26987 0.65364
1413394906.255760 -2.55171 0.56493 0.65117 -0.32513 -0.65089 -0.24350 0.64136
1413394906.355761 -2.51994 0.56446 0.67445 -0.35657 -0.68229 -0.22323 0.59792
1413394906.455760 -2.47191 0.56027 0.69001 -0.38524 -0.71608 -0.21840 0.53956
1413394906.555760 -2.41471 0.56025 0.69807 0.40947 0.74484 0.22727 -0.47529
1413394906.655761 -2.36280 0.57209 0.70136 0.42977 0.75441 0.24382 -0.43211
1413394906.755760 -2.32120 0.59800 0.70350 0.43938 0.73513 0.27700 -0.43566
1413394906.855761 -2.29247 0.63300 0.70188 0.43581 0.69404 0.32481 -0.47210
1413394906.955760 -2.27070 0.66402 0.69680 -0.42281 -0.64472 -0.37059 0.51791
1413394907.055760 -2.24416 0.67550 0.69306 -0.40609 -0.59967 -0.40386 0.55891
1413394907.155761 -2.21458 0.66023 0.68913 -0.40368 -0.57313 -0.40989 0.58357
1413394907.255760 -2.17422 0.61555 0.67898 -0.42750 -0.59242 -0.38759 0.56218
1413394907.355761 -2.12344 0.54823 0.66757 -0.46513 -0.63061 -0.34373 0.51753
1413394907.455760 -2.06623 0.47049 0.65353 0.51888 0.65387 0.27556 -0.47673
1413394907.555760 -2.00068 0.40320 0.63430 0.56818 0.65485 0.21828 -0.44800
1413394907.655761 -1.92097 0.36393 0.61248 0.59503 0.65360 0.20347 -0.42112
1413394907.755760 -1.83063 0.36437 0.59716 0.58312 0.65254 0.25274 -0.41267
1413394907.855761 -1.73757 0.38740 0.58199 0.54301 0.63819 0.33301 -0.43238
1413394907.955760 -1.65424 0.41320 0.55650 0.50278 0.61432 0.39618 -0.46137
1413394908.055760 -1.57137 0.42304 0.52207 0.47811 0.59585 0.42815 -0.48275
1413394908.155761 -1.49591 0.42040 0.47838 0.48519 0.60723 0.42005 -0.46843
1413394908.255760 -1.42384 0.40729 0.42929 0.50869 0.63845 0.38695 -0.42883
1413394908.355761 -1.35151 0.39535 0.38356 0.53016 0.66700 0.34860 -0.39053
1413394908.455760 -1.29235 0.39843 0.35147 0.54900 0.68209 0.31354 -0.36748
1413394908.555760 -1.25426 0.43347 0.34197 0.55786 0.68451 0.29427 -0.36557
1413394908.655761 -1.24172 0.50728 0.36520 0.53059 0.67318 0.32857 -0.39667
1413394908.755760 -1.23818 0.58449 0.40391 0.49156 0.64484 0.37654 -0.44808
1413394908.855761 -1.22477 0.63931 0.44752 0.45776 0.61620 0.41141 -0.49142
1413394908.955760 -1.21060 0.67198 0.50290 -0.43636 -0.58803 -0.42677 0.53073
1413394909.055760 -1.19636 0.68513 0.56275 -0.44057 -0.58052 -0.41233 0.54669
1413394909.155761 -1.17635 0.68139 0.61686 -0.47083 -0.60316 -0.37263 0.52503
1413394909.255760 -1.15070 0.66264 0.66154 0.50780 0.63377 0.33782 -0.47578
1413394909.355761 -1.11617 0.64008 0.69912 0.54410 0.64731 0.31304 -0.43238
1413394909.455760 -1.07900 0.62655 0.73029 0.57310 0.63646 0.30918 -0.41338
1413394909.555760 -1.04090 0.63714 0.75967 0.58840 0.60533 0.32953 -0.42281
1413394909.655761 -0.99878 0.65682 0.78606 0.59232 0.56916 0.35678 -0.44489
1413394909.755760 -0.94737 0.67643 0.81831 0.58128 0.53997 0.39516 -0.46303
1413394909.855761 -0.88691 0.69005 0.85502 0.55620 0.51878 0.44055 -0.47690
1413394909.955760 -0.82166 0.68513 0.88773 0.54270 0.51373 0.46368 -0.47598
1413394910.055760 -0.75074 0.66120 0.90510 0.55434 0.54085 0.45198 -0.44260
1413394910.155761 -0.68794 0.62794 0.91682 0.57845 0.57083 0.42116 -0.40270
1413394910.255760 -0.63203 0.59252 0.92043 0.60352 0.59345 0.38296 -0.37004
1413394910.355761 -0.58028 0.56565 0.91624 0.62068 0.60824 0.35193 -0.34777
1413394910.455760 -0.53278 0.55712 0.89987 0.62934 0.61676 0.33303 -0.33561
1413394910.555760 -0.48183 0.56809 0.88742 0.61436 0.61055 0.35301 -0.35379
1413394910.655761 -0.43082 0.60535 0.87823 0.57914 0.58571 0.40114 -0.40079
1413394910.755760 -0.38089 0.64226 0.86756 0.54378 0.55448 0.44156 -0.44931
1413394910.855761 -0.33455 0.66560 0.85324 0.52361 0.52888 0.45721 -0.48690
1413394910.955760 -0.28709 0.66443 0.83702 -0.51591 -0.51448 -0.45805 0.50925
1413394911.055760 -0.23057 0.63572 0.82056 -0.52756 -0.52119 -0.43595 0.50989
1413394911.155761 -0.16896 0.58250 0.79626 0.54917 0.55970 0.41214 -0.46400
1413394911.255760 -0.10603 0.52127 0.77014 0.57243 0.59855 0.38228 -0.40977
1413394911.355761 -0.04257 0.46538 0.73990 0.59128 0.62104 0.35834 -0.36916
1413394911.455760 0.01607 0.42650 0.70592 0.60200 0.63003 0.34623 -0.34755
1413394911.555760 0.06388 0.40434 0.66653 0.60454 0.62824 0.34945 -0.34313
1413394911.655761 0.11152 0.40725 0.62774 0.59211 0.60739 0.38004 -0.36885
1413394911.755760 0.15670 0.42115 0.59503 0.56599 0.57288 0.42583 -0.41247
1413394911.855761 0.18822 0.42877 0.57274 0.54028 0.54110 0.46512 -0.44606
1413394911.955760 0.22413 0.41356 0.55629 0.53277 0.53192 0.47700 -0.45353
1413394912.055760 0.25085 0.38376 0.54406 0.55631 0.54924 0.45519 -0.42622
1413394912.155761 0.26990 0.34617 0.54032 0.59015 0.57366 0.41860 -0.38394
1413394912.255760 0.28118 0.31672 0.54370 0.61632 0.58432 0.39609 -0.34906
1413394912.355761 0.29202 0.29813 0.55258 0.63540 0.58091 0.39018 -0.32645
1413394912.455760 0.29473 0.30212 0.56757 0.65542 0.56275 0.39142 -0.31705
1413394912.555760 0.29396 0.32725 0.58973 0.66797 0.53376 0.40631 -0.32223
1413394912.655761 0.29200 0.36867 0.61626 0.67425 0.49702 0.43076 -0.33586
1413394912.755760 0.30056 0.41172 0.64074 0.68111 0.46441 0.44913 -0.34453
1413394912.855761 0.31192 0.45379 0.66621 0.68850 0.44179 0.45902 -0.34653
1413394912.955760 0.32675 0.49357 0.69188 0.69126 0.43555 0.46978 -0.33430
1413394913.055760 0.34504 0.53666 0.71547 0.68842 0.43833 0.48218 -0.31852
1413394913.155761 0.35955 0.58040 0.73891 0.68490 0.44230 0.48998 -0.30855
1413394913.255760 0.36667 0.62347 0.76390 0.67801 0.45083 0.49111 -0.30962
1413394913.355761 0.36956 0.67223 0.79197 0.66152 0.46383 0.49172 -0.32477
1413394913.455760 0.36583 0.72300 0.81649 0.64036 0.48660 0.48655 -0.34121
1413394913.555760 0.35603 0.77186 0.82978 0.61240 0.51818 0.48105 -0.35362
1413394913.655761 0.33381 0.81670 0.83053 0.58011 0.55467 0.47392 -0.36224
1413394913.755760 0.29733 0.84786 0.81120 0.55510 0.59072 0.45303 -0.37105
1413394913.855761 0.25247 0.88558 0.78181 0.53749 0.61924 0.41942 -0.38952
1413394913.955760 0.19693 0.92953 0.74471 0.52210 0.63915 0.38399 -0.41407
1413394914.055760 0.13619 0.97447 0.70287 0.50187 0.65559 0.35588 -0.43781
1413394914.155761 0.07135 1.02086 0.66052 0.47253 0.67469 0.33852 -0.45488
1413394914.255760 0.00173 1.06547 0.63101 0.43654 0.69603 0.32798 -0.46627
1413394914.355761 -0.07731 1.11009 0.61712 0.40076 0.71511 0.31665 -0.47722
1413394914.455760 -0.16643 1.15199 0.61953 0.36726 0.73186 0.30346 -0.48725
1413394914.555760 -0.26518 1.18859 0.63445 0.34121 0.74407 0.28809 -0.49693
1413394914.655761 -0.36923 1.21713 0.64870 -0.33040 -0.74821 -0.26301 0.51170
1413394914.755760 -0.47927 1.24108 0.65290 -0.32045 -0.75150 -0.24054 0.52412
1413394914.855761 -0.58945 1.26123 0.64765 -0.30682 -0.75641 -0.22388 0.53252
1413394914.955760 -0.69642 1.27516 0.63072 -0.28521 -0.76183 -0.21877 0.53891
1413394915.055760 -0.80480 1.28235 0.60201 -0.25599 -0.76737 -0.22015 0.54510
1413394915.155761 -0.91609 1.27961 0.57265 -0.22122 -0.77574 -0.21916 0.54888
1413394915.255760 -1.03081 1.26629 0.54788 -0.18321 -0.78594 -0.21476 0.55010
1413394915.355761 -1.14724 1.23685 0.52714 -0.14618 -0.79320 -0.20486 0.55453
1413394915.455760 -1.26425 1.18858 0.51082 -0.11088 -0.79696 -0.19076 0.56228
1413394915.555760 -1.38418 1.12072 0.49874 -0.08000 -0.79657 -0.16743 0.57536
1413394915.655761 -1.50766 1.03302 0.48875 -0.06138 -0.79138 -0.11773 0.59673
1413394915.755760 -1.62604 0.93075 0.47952 -0.03945 -0.78583 -0.06373 0.61389
1413394915.855761 -1.73127 0.82201 0.47716 -0.00679 -0.77415 -0.02431 0.63249
1413394915.955760 -1.82194 0.71076 0.47705 0.02861 -0.76435 0.00637 0.64414
1413394916.055760 -1.89707 0.59810 0.47759 0.05917 -0.75961 0.03497 0.64674
1413394916.155761 -1.95450 0.48450 0.47985 0.08372 -0.75854 0.05950 0.64348
1413394916.255760 -1.99248 0.37300 0.48206 0.10782 -0.77248 0.07779 0.62096
1413394916.355761 -2.01380 0.26110 0.48543 0.12886 -0.78688 0.10004 0.59516
1413394916.455760 -2.03341 0.14955 0.48336 0.13757 -0.79611 0.13998 0.57244
1413394916.555760 -2.05015 0.04452 0.47341 0.14178 -0.79697 0.18789 0.55626
1413394916.655761 -2.06889 -0.04189 0.45479 0.14476 -0.78684 0.24453 0.54784
1413394916.755760 -2.09802 -0.11877 0.42324 0.17385 -0.77975 0.27513 0.53486
1413394916.855761 -2.13043 -0.16096 0.38135 0.22135 -0.77464 0.28721 0.51811
1413394916.955760 -2.16906 -0.17950 0.32896 -0.27455 0.76841 -0.29132 -0.49931
1413394917.055760 -2.21467 -0.18859 0.27401 -0.33597 0.75138 -0.28279 -0.49253
1413394917.155761 -2.27215 -0.20572 0.21814 -0.39031 0.73429 -0.28108 -0.47903
1413394917.255760 -2.33540 -0.23081 0.16558 -0.43919 0.71577 -0.27892 -0.46583
1413394917.355761 -2.40206 -0.25969 0.11942 -0.47416 0.69908 -0.28463 -0.45326
1413394917.455760 -2.47326 -0.30125 0.07510 -0.49450 0.68798 -0.29290 -0.44313
1413394917.555760 -2.54291 -0.35537 0.03830 -0.50909 0.67184 -0.29635 -0.44903
1413394917.655761 -2.61153 -0.42508 0.00468 -0.51865 0.65633 -0.29671 -0.46065
1413394917.755760 -2.67237 -0.50584 -0.02026 -0.52242 0.64709 -0.29469 -0.47065
1413394917.855761 -2.72221 -0.60166 -0.03385 -0.53097 0.63275 -0.28497 -0.48630
1413394917.955760 -2.74422 -0.70464 -0.03498 -0.54363 0.62009 -0.27756 -0.49287
1413394918.055760 -2.74500 -0.81022 -0.03820 -0.55166 0.61393 -0.28430 -0.48778
1413394918.155761 -2.73138 -0.93043 -0.05119 -0.54938 0.61872 -0.31335 -0.46602
1413394918.255760 -2.70326 -1.05099 -0.06429 -0.54729 0.62130 -0.34642 -0.44097
1413394918.355761 -2.67169 -1.17846 -0.07883 -0.54394 0.63016 -0.37857 -0.40462
1413394918.455760 -2.64373 -1.31089 -0.09049 -0.54295 0.63124 -0.40643 -0.37623
1413394918.555760 -2.62728 -1.44746 -0.09686 -0.55177 0.61911 -0.42451 -0.36337
1413394918.655761 -2.62218 -1.59005 -0.10190 -0.57214 0.59757 -0.43035 -0.36107
1413394918.755760 -2.62737 -1.73286 -0.10668 0.59692 -0.56954 0.42983 0.36682
1413394918.855761 -2.63668 -1.87423 -0.10769 0.61646 -0.53826 0.43100 0.38012
1413394918.955760 -2.64327 -2.01436 -0.09754 0.62592 -0.50715 0.44126 0.39536
1413394919.055760 -2.64411 -2.14902 -0.07296 0.62774 -0.48696 0.46280 0.39323
1413394919.155761 -2.63843 -2.27161 -0.03220 0.62955 -0.46968 0.48613 0.38309
1413394919.255760 -2.63422 -2.37049 0.02656 0.63485 -0.44827 0.50832 0.37099
1413394919.355761 -2.62861 -2.45597 0.09404 0.64500 -0.41787 0.52422 0.36681
1413394919.455760 -2.62534 -2.52396 0.16526 0.66115 -0.38191 0.52950 0.36967
1413394919.555760 -2.61580 -2.58387 0.23318 0.68893 -0.35610 0.51848 0.36020
1413394919.655761 -2.60022 -2.61011 0.29099 0.71693 -0.34701 0.50824 0.32754
1413394919.755760 -2.57739 -2.63066 0.33858 0.73816 -0.34585 0.50551 0.28278
1413394919.855761 -2.54827 -2.64340 0.37844 0.75567 -0.34464 0.50413 0.23671
1413394919.955760 -2.51498 -2.65839 0.41006 0.77260 -0.32914 0.50417 0.20144
1413394920.055760 -2.47506 -2.68204 0.43253 0.78926 -0.30212 0.50622 0.17185
1413394920.155761 -2.42903 -2.71039 0.44354 0.80474 -0.27043 0.50827 0.14466
1413394920.255760 -2.37683 -2.74616 0.43907 0.81934 -0.23357 0.50875 0.12374
1413394920.355761 -2.31777 -2.78609 0.42225 0.82671 -0.19008 0.51674 0.11575
1413394920.455760 -2.25306 -2.82097 0.39825 0.82836 -0.14938 0.52783 0.11356
1413394920.555760 -2.17911 -2.85908 0.38369 0.82746 -0.11059 0.53819 0.11588
1413394920.655761 -2.09697 -2.89100 0.37426 0.82669 -0.07965 0.54283 0.12483
1413394920.755760 -2.00693 -2.91297 0.36793 0.82776 -0.06094 0.54234 0.13029
1413394920.855761 -1.90840 -2.92145 0.36308 0.83101 -0.06104 0.53925 0.12204
1413394920.955760 -1.79730 -2.92149 0.35670 0.83252 -0.06707 0.53790 0.11435
1413394921.055760 -1.67606 -2.90908 0.34034 0.83374 -0.08329 0.53632 0.10145
1413394921.155761 -1.54505 -2.89087 0.32056 0.82680 -0.10397 0.54611 0.08575
1413394921.255760 -1.41145 -2.86727 0.29041 0.81925 -0.12748 0.55489 0.06837
1413394921.355761 -1.27285 -2.84794 0.24717 0.81496 -0.16474 0.55453 0.03453
1413394921.455760 -1.13721 -2.83911 0.19514 0.81098 -0.19788 0.55056 0.00541
1413394921.555760 -0.99924 -2.85312 0.13539 0.81484 -0.20464 0.54228 0.00965
1413394921.655761 -0.87370 -2.88818 0.07749 0.81626 -0.18311 0.54548 0.05139
1413394921.755760 -0.75187 -2.93405 0.02335 0.81269 -0.15601 0.55327 0.09531
1413394921.855761 -0.63402 -2.98038 -0.02735 0.80338 -0.13405 0.56838 0.11646
1413394921.955760 -0.50118 -3.01648 -0.07419 0.78676 -0.12161 0.59619 0.10383
1413394922.055760 -0.38321 -3.04529 -0.11172 0.77618 -0.11017 0.61641 0.07380
1413394922.155761 -0.27111 -3.07086 -0.13017 0.77686 -0.08603 0.62173 0.05042
1413394922.255760 -0.17505 -3.09134 -0.14557 0.79269 -0.05405 0.60614 0.03610
1413394922.355761 -0.08641 -3.12194 -0.13827 0.81028 -0.01568 0.58469 0.03655
1413394922.455760 0.00788 -3.14814 -0.11165 0.81886 0.01403 0.57252 0.03871
1413394922.555760 0.09958 -3.16158 -0.06177 0.82276 0.02442 0.56729 0.02546
1413394922.655761 0.19285 -3.16552 -0.00435 0.82430 0.01992 0.56581 0.00133
1413394922.755760 0.28242 -3.16606 0.05509 0.82860 0.01608 0.55942 -0.01478
1413394922.855761 0.37035 -3.16459 0.11797 0.83471 0.01480 0.55005 -0.02214
1413394922.955760 0.46490 -3.16448 0.17976 0.83860 0.01520 0.54406 -0.02273
1413394923.055760 0.57214 -3.16607 0.23952 0.84308 0.01507 0.53712 -0.02227
1413394923.155761 0.68937 -3.16625 0.28121 0.84344 0.01722 0.53669 -0.01669
1413394923.255760 0.81438 -3.16581 0.32842 0.83390 0.02833 0.55119 0.00150
1413394923.355761 0.94498 -3.16213 0.37254 0.82723 0.03233 0.56087 0.00800
1413394923.455760 1.07945 -3.14978 0.41639 0.83193 0.03114 0.55399 -0.00431
1413394923.555760 1.21430 -3.13143 0.45973 0.83895 0.03885 0.54247 -0.01943
1413394923.655761 1.36008 -3.10741 0.49853 0.83789 0.05969 0.54173 -0.03025
1413394923.755760 1.51796 -3.07825 0.53147 0.82955 0.09029 0.54988 -0.03648
1413394923.855761 1.67387 -3.04442 0.55417 0.82005 0.12016 0.55744 -0.04839
1413394923.955760 1.82342 -3.00445 0.55871 0.81059 0.14853 0.56280 -0.06433
1413394924.055760 1.96326 -2.95966 0.55285 0.80173 0.17561 0.56514 -0.08375
1413394924.155761 2.10766 -2.90544 0.54596 0.79448 0.19786 0.56325 -0.11136
1413394924.255760 2.24344 -2.84526 0.54194 0.78983 0.21665 0.55489 -0.14604
1413394924.355761 2.38295 -2.78089 0.54319 0.78558 0.23567 0.54268 -0.18117
1413394924.455760 2.52068 -2.71793 0.54813 0.77523 0.26215 0.53729 -0.20399
1413394924.555760 2.65181 -2.65869 0.55327 0.76314 0.28979 0.53286 -0.22294
1413394924.655761 2.79018 -2.59714 0.56196 0.74947 0.32453 0.52731 -0.23434
1413394924.755760 2.91852 -2.54124 0.57001 0.73134 0.35945 0.52485 -0.24591
1413394924.855761 3.04532 -2.48102 0.58418 0.70615 0.39275 0.53133 -0.25452
1413394924.955760 3.16165 -2.42022 0.59987 0.68013 0.42179 0.54057 -0.25943
1413394925.055760 3.26065 -2.36171 0.61691 0.65806 0.44397 0.55050 -0.25846
1413394925.155761 3.33781 -2.30335 0.63383 0.65296 0.46299 0.54138 -0.25728
1413394925.255760 3.39414 -2.23497 0.65310 0.64881 0.48370 0.53049 -0.25231
1413394925.355761 3.42044 -2.16673 0.66989 0.64260 0.49963 0.52488 -0.24888
1413394925.455760 3.41512 -2.09892 0.67599 0.64252 0.50274 0.51834 -0.25639
1413394925.555760 3.40622 -2.02377 0.67717 0.64574 0.50011 0.51079 -0.26833
1413394925.655761 3.38891 -1.93726 0.66570 0.64846 0.49788 0.50345 -0.27958
1413394925.755760 3.35840 -1.84555 0.64988 0.65881 0.48534 0.48916 -0.30191
1413394925.855761 3.32360 -1.74792 0.63995 0.66781 0.47409 0.47750 -0.31821
1413394925.955760 3.28238 -1.65183 0.63104 0.67124 0.47065 0.46989 -0.32730
1413394926.055760 3.24045 -1.55200 0.62501 0.66729 0.47886 0.46793 -0.32628
1413394926.155761 3.19518 -1.45196 0.61612 0.66086 0.49083 0.47005 -0.31845
1413394926.255760 3.14531 -1.35279 0.60811 0.65563 0.50091 0.47151 -0.31131
1413394926.355761 3.09093 -1.24366 0.60007 0.65986 0.50216 0.46226 -0.31421
1413394926.455760 3.03217 -1.12552 0.59323 0.66486 0.50261 0.45209 -0.31776
1413394926.555760 2.96943 -1.00163 0.58919 0.66251 0.50592 0.44374 -0.32896
1413394926.655761 2.90658 -0.86935 0.58732 0.65448 0.51263 0.42988 -0.35224
1413394926.755760 2.84564 -0.73668 0.58821 0.64471 0.51896 0.40637 -0.38717
1413394926.855761 2.79007 -0.59774 0.59031 0.63440 0.52590 0.37591 -0.42385
1413394926.955760 2.75097 -0.46878 0.59172 0.62050 0.53755 0.34930 -0.45167
1413394927.055760 2.73395 -0.34421 0.58624 0.60246 0.55389 0.33886 -0.46413
1413394927.155761 2.73383 -0.21640 0.57009 0.57503 0.58068 0.35436 -0.45452
1413394927.255760 2.74751 -0.09440 0.55123 0.54975 0.60256 0.37304 -0.44219
1413394927.355761 2.76778 0.01987 0.54182 0.53648 0.61675 0.38099 -0.43202
1413394927.455760 2.78166 0.13980 0.54747 0.53520 0.62249 0.37723 -0.42868
1413394927.555760 2.79814 0.25107 0.56694 0.53882 0.62431 0.36938 -0.42833
1413394927.655761 2.80696 0.37474 0.60059 0.54061 0.62329 0.36582 -0.43060
1413394927.755760 2.81619 0.47726 0.63983 0.53849 0.62428 0.36403 -0.43334
1413394927.855761 2.81983 0.60586 0.67269 0.53250 0.62643 0.36827 -0.43405
1413394927.955760 2.82269 0.73337 0.69444 0.53128 0.62789 0.36743 -0.43416
1413394928.055760 2.82263 0.85679 0.70700 0.52730 0.62793 0.37141 -0.43557
1413394928.155761 2.82076 0.98067 0.71131 0.51522 0.62852 0.38712 -0.43549
1413394928.255760 2.81372 1.09891 0.70982 0.50177 0.62466 0.40507 -0.44039
1413394928.355761 2.79959 1.21328 0.70797 0.49305 0.61918 0.41784 -0.44601
1413394928.455760 2.77782 1.31502 0.70793 0.49886 0.61406 0.41185 -0.45216
1413394928.555760 2.74917 1.40399 0.71145 0.51191 0.60896 0.39707 -0.45766
1413394928.655761 2.71879 1.48902 0.71778 0.52163 0.60641 0.38675 -0.45891
1413394928.755760 2.68818 1.56126 0.72746 0.52632 0.60549 0.38408 -0.45700
1413394928.855761 2.65913 1.62874 0.73290 0.52620 0.60682 0.38769 -0.45231
1413394928.955760 2.62858 1.69223 0.72913 0.52326 0.60970 0.39470 -0.44573
1413394929.055760 2.59616 1.75370 0.71539 0.52321 0.60846 0.39670 -0.44572
1413394929.155761 2.56155 1.80995 0.69793 0.52002 0.60208 0.40187 -0.45341
1413394929.255760 2.52364 1.85966 0.68364 0.51922 0.59432 0.40313 -0.46334
1413394929.355761 2.48718 1.89634 0.67315 0.52259 0.58634 0.39781 -0.47418
1413394929.455760 2.45393 1.92647 0.66683 0.52804 0.58503 0.39029 -0.47601
1413394929.555760 2.42545 1.94864 0.66210 0.53861 0.59271 0.37623 -0.46589
1413394929.655761 2.40302 1.96562 0.65930 0.54643 0.60220 0.36665 -0.45203
1413394929.755760 2.38615 1.97988 0.65861 0.54658 0.60901 0.36821 -0.44133
1413394929.855761 2.37075 1.99584 0.65273 0.54384 0.61068 0.37360 -0.43786
1413394929.955760 2.35478 2.01397 0.63782 0.53860 0.60560 0.38182 -0.44427
1413394930.055760 2.34241 2.02780 0.61493 0.53123 0.59923 0.39271 -0.45222
1413394930.155761 2.32918 2.03833 0.58720 0.52405 0.59412 0.40282 -0.45840
1413394930.255760 2.31340 2.04364 0.56349 0.51618 0.58638 0.41296 -0.46816
1413394930.355761 2.29728 2.03911 0.54398 0.51898 0.57672 0.40794 -0.48129
1413394930.455760 2.28411 2.02411 0.52148 0.54092 0.58728 0.37910 -0.46775
1413394930.555760 2.27622 2.00312 0.49420 0.57015 0.60756 0.33876 -0.43708
1413394930.655761 2.27360 1.98565 0.45698 0.59520 0.62466 0.30246 -0.40504
1413394930.755760 2.27505 1.98584 0.41722 0.59541 0.63833 0.30315 -0.38227
1413394930.855761 2.28019 2.01054 0.38221 0.57455 0.63545 0.33803 -0.38966
1413394930.955760 2.28315 2.04944 0.35190 0.54870 0.61773 0.37842 -0.41728
1413394931.055760 2.28061 2.08768 0.32685 0.52838 0.59836 0.40791 -0.44316
1413394931.155761 2.27590 2.11912 0.31499 0.51894 0.58826 0.42175 -0.45472
1413394931.255760 2.26734 2.13703 0.31986 0.51516 0.58187 0.42841 -0.46097
1413394931.355761 2.25756 2.14485 0.34889 0.50993 0.57324 0.43661 -0.46983
1413394931.455760 2.24434 2.13397 0.38503 0.51570 0.57415 0.43151 -0.46711
1413394931.555760 2.23108 2.11088 0.41115 0.53216 0.59045 0.41394 -0.44366
1413394931.655761 2.21318 2.07976 0.42819 0.54007 0.60530 0.40231 -0.42437
1413394931.755760 2.19160 2.04934 0.43851 0.53136 0.62419 0.39958 -0.41033
1413394931.855761 2.16052 2.02059 0.44342 0.51161 0.64535 0.39650 -0.40567
1413394931.955760 2.11352 1.98796 0.44181 0.49408 0.66108 0.37797 -0.41952
1413394932.055760 2.05509 1.95723 0.44539 0.47090 0.67082 0.35566 -0.44918
1413394932.155761 1.99204 1.93094 0.46462 0.44258 0.67679 0.33034 -0.48677
1413394932.255760 1.92448 1.90205 0.49734 -0.41670 -0.68188 -0.29798 0.52211
1413394932.355761 1.86039 1.86857 0.53979 -0.38542 -0.68804 -0.27074 0.55204
1413394932.455760 1.80614 1.83346 0.58205 -0.34788 -0.69524 -0.25457 0.57516
1413394932.555760 1.76052 1.78828 0.61389 -0.31044 -0.70339 -0.24136 0.59213
1413394932.655761 1.72663 1.73639 0.63195 -0.27666 -0.71497 -0.22630 0.60089
1413394932.755760 1.70378 1.67741 0.64044 -0.24871 -0.73204 -0.20705 0.59949
1413394932.855761 1.69014 1.61121 0.64861 -0.22905 -0.75607 -0.18206 0.58545
1413394932.955760 1.68262 1.53919 0.65845 -0.21316 -0.77786 -0.15740 0.56984
1413394933.055760 1.67802 1.46671 0.66339 -0.19684 -0.79254 -0.13499 0.56118
1413394933.155761 1.67328 1.39731 0.66013 -0.17577 -0.80170 -0.11682 0.55923
1413394933.255760 1.66691 1.33097 0.64763 -0.15287 -0.80457 -0.09943 0.56517
1413394933.355761 1.65801 1.26966 0.62357 -0.12821 -0.80520 -0.08616 0.57253
1413394933.455760 1.64964 1.21065 0.58894 -0.10577 -0.80517 -0.07322 0.57893
1413394933.555760 1.63944 1.15061 0.54518 -0.08561 -0.80559 -0.05934 0.58325
1413394933.655761 1.63074 1.09211 0.49915 -0.06481 -0.80254 -0.04452 0.59140
1413394933.755760 1.62430 1.03287 0.45849 -0.04556 -0.79559 -0.03081 0.60333
1413394933.855761 1.62204 0.97672 0.42017 -0.03071 -0.79207 -0.02029 0.60932
1413394933.955760 1.62701 0.91776 0.38251 -0.01460 -0.79986 -0.01028 0.59992
1413394934.055760 1.63561 0.85735 0.34995 0.00406 -0.80961 0.00339 0.58694
1413394934.155761 1.64197 0.79503 0.32569 0.02496 -0.80583 0.01999 0.59129
1413394934.255760 1.65077 0.73206 0.29606 0.04846 -0.79775 0.03814 0.59983
1413394934.355761 1.66421 0.67116 0.25413 0.07480 -0.79699 0.05854 0.59648
1413394934.455760 1.68277 0.61195 0.20023 0.09611 -0.80139 0.08396 0.58437
1413394934.555760 1.70389 0.55928 0.13818 0.11549 -0.80336 0.09926 0.57570
1413394934.655761 1.72549 0.51211 0.07698 0.13436 -0.80291 0.10471 0.57124
1413394934.755760 1.74908 0.46889 0.02846 0.14445 -0.80078 0.11237 0.57031
1413394934.855761 1.77164 0.42751 -0.00308 0.14903 -0.79794 0.11744 0.57209
1413394934.955760 1.78997 0.39077 -0.01506 0.15113 -0.79647 0.12020 0.57301
1413394935.055760 1.80694 0.35659 -0.00908 0.14954 -0.79287 0.12276 0.57786
1413394935.155761 1.82525 0.32278 0.00043 0.14098 -0.78924 0.12395 0.58469
1413394935.255760 1.84578 0.29464 0.00625 0.13034 -0.78673 0.11940 0.59145
1413394935.355761 1.87075 0.26965 0.00060 0.12245 -0.78221 0.11197 0.60051
1413394935.455760 1.89948 0.24655 -0.01703 0.11762 -0.78072 0.10292 0.60502
1413394935.555760 1.93366 0.22755 -0.04668 0.11526 -0.78754 0.09374 0.59809
1413394935.655761 1.97364 0.21143 -0.07890 0.11277 -0.79440 0.08627 0.59057
1413394935.755760 2.01794 0.19525 -0.09859 0.11033 -0.79648 0.08104 0.58896
1413394935.855761 2.06226 0.17888 -0.10305 0.10734 -0.79534 0.07879 0.59136
1413394935.955760 2.10960 0.16408 -0.10302 0.10464 -0.79838 0.07706 0.58796
1413394936.055760 2.16316 0.14816 -0.11525 0.10834 -0.80813 0.07614 0.57393
1413394936.205760 2.23719 0.11718 -0.15418 0.13257 -0.82153 0.08865 0.54742
1413394936.255760 2.26308 0.10530 -0.16845 0.14614 -0.81787 0.09727 0.54798
1413394936.405761 2.32789 0.06024 -0.21206 0.20160 -0.79234 0.13587 0.55956
1413394936.505760 2.36932 0.02636 -0.23579 0.24988 -0.77177 0.16243 0.56174
1413394936.605761 2.41585 -0.01137 -0.25571 0.29959 -0.75329 0.18558 0.55531
1413394936.705760 2.46734 -0.05219 -0.27174 0.33775 -0.74139 0.21283 0.53942
1413394936.805760 2.52143 -0.09586 -0.28387 0.36938 -0.72948 0.23562 0.52526
1413394936.905761 2.57852 -0.14078 -0.29696 0.39848 -0.71771 0.25337 0.51177
1413394937.005760 2.63650 -0.18985 -0.30776 -0.42845 0.70578 -0.26866 -0.49611
1413394937.105761 2.69727 -0.24324 -0.31902 -0.45972 0.69189 -0.28385 -0.47892
1413394937.205760 2.75974 -0.30437 -0.32809 -0.48745 0.67578 -0.29974 -0.46462
1413394937.255760 2.78959 -0.33830 -0.33332 -0.49702 0.67132 -0.30900 -0.45478
1413394937.355761 2.84884 -0.41029 -0.34361 -0.50921 0.66562 -0.32720 -0.43657
1413394937.455760 2.90947 -0.48804 -0.35101 -0.51525 0.65968 -0.34011 -0.42856
1413394937.555760 2.96241 -0.57271 -0.35666 -0.51840 0.65453 -0.34786 -0.42644
1413394937.655761 3.00679 -0.66198 -0.36189 -0.51794 0.65114 -0.35302 -0.42794
1413394937.755760 3.04096 -0.75773 -0.36506 -0.51335 0.65040 -0.35877 -0.42982
1413394937.855761 3.07833 -0.85037 -0.36585 -0.50552 0.65414 -0.36104 -0.43150
1413394937.955760 3.10902 -0.94661 -0.36392 -0.49190 0.66554 -0.36010 -0.43060
1413394938.055760 3.13418 -1.04658 -0.35723 -0.47531 0.68165 -0.35839 -0.42542
1413394938.155761 3.15045 -1.14774 -0.33930 -0.46045 0.69665 -0.35546 -0.41989
1413394938.255760 3.15512 -1.25669 -0.30611 -0.44712 0.70775 -0.34961 -0.42065
1413394938.355761 3.13716 -1.36202 -0.25527 -0.43867 0.70963 -0.33454 -0.43826
1413394938.455760 3.10967 -1.46867 -0.18881 -0.42493 0.70976 -0.32441 -0.45872
1413394938.555760 3.08422 -1.58733 -0.12104 -0.41421 0.71166 -0.30573 -0.47801
1413394938.655761 3.04940 -1.69630 -0.06768 -0.40094 0.72189 -0.28175 -0.48860
1413394938.755760 3.01516 -1.80352 -0.02514 -0.38061 0.73757 -0.25966 -0.49367
1413394938.855761 2.97802 -1.90998 0.00513 -0.35020 0.75623 -0.24480 -0.49553
1413394938.955760 2.93666 -2.02114 0.02503 -0.30356 0.77486 -0.24355 -0.49813
1413394939.055760 2.88843 -2.12596 0.03723 0.24929 -0.78838 0.24454 0.50647
1413394939.155761 2.83085 -2.22040 0.04079 0.20086 -0.79718 0.23575 0.51824
1413394939.255760 2.76424 -2.30832 0.03629 0.16700 -0.80365 0.21252 0.53018
1413394939.355761 2.69134 -2.37870 0.02283 0.14510 -0.80746 0.18460 0.54118
1413394939.455760 2.61362 -2.44337 0.01242 0.14335 -0.80822 0.14693 0.55194
1413394939.555760 2.53160 -2.49461 0.01560 0.14813 -0.80481 0.11575 0.56298
1413394939.655761 2.44901 -2.55458 0.03314 0.13488 -0.80400 0.11478 0.56764
1413394939.755760 2.36679 -2.60667 0.06044 0.11024 -0.80696 0.12499 0.56661
1413394939.855761 2.28398 -2.64869 0.09416 0.07917 -0.81158 0.13769 0.56224
1413394939.955760 2.19626 -2.68012 0.12186 0.07066 -0.81900 0.11974 0.55669
1413394940.055760 2.10534 -2.70550 0.13650 0.07589 -0.82862 0.08326 0.54836
1413394940.155761 2.01060 -2.72792 0.14047 0.06150 -0.83338 0.06482 0.54543
1413394940.255760 1.91109 -2.75060 0.13541 0.03606 -0.83110 0.05157 0.55256
1413394940.355761 1.80623 -2.76767 0.12248 0.00627 -0.82501 0.03576 0.56395
1413394940.455760 1.68818 -2.78767 0.10183 -0.02626 -0.81982 0.01756 0.57175
1413394940.555760 1.58507 -2.79288 0.08106 -0.05252 -0.81520 -0.01069 0.57669
1413394940.655761 1.46917 -2.80334 0.06579 -0.06730 -0.81352 -0.05074 0.57540
1413394940.755760 1.35086 -2.81766 0.05692 -0.07817 -0.81281 -0.08420 0.57109
1413394940.855761 1.22870 -2.84024 0.06037 -0.09259 -0.81115 -0.09520 0.56956
1413394940.955760 1.11158 -2.86529 0.08100 -0.11309 -0.81006 -0.08450 0.56910
1413394941.055760 1.00253 -2.88758 0.10855 -0.13964 -0.81244 -0.06597 0.56221
1413394941.205760 0.82683 -2.91212 0.15088 -0.17907 -0.81691 -0.04360 0.54652
1413394941.305760 0.70077 -2.91234 0.18266 -0.19228 -0.81946 -0.04113 0.53835
1413394941.405761 0.58053 -2.89448 0.21703 -0.19382 -0.82456 -0.04829 0.52933
1413394941.505760 0.44815 -2.86351 0.25645 -0.17439 -0.82743 -0.07823 0.52805
1413394941.605761 0.31149 -2.82629 0.29568 -0.15421 -0.82769 -0.10889 0.52847
1413394941.705760 0.16321 -2.78836 0.33463 -0.14870 -0.82292 -0.12888 0.53299
1413394941.755760 0.08794 -2.76733 0.35347 -0.15129 -0.81836 -0.13330 0.53817
1413394941.855761 -0.06361 -2.73364 0.39070 -0.16849 -0.80894 -0.12504 0.54918
1413394941.955760 -0.20584 -2.70098 0.42874 -0.20154 -0.79863 -0.09296 0.55940
1413394942.055760 -0.35748 -2.66058 0.46817 -0.23462 -0.78883 -0.05879 0.56502
1413394942.155761 -0.50775 -2.60485 0.51120 -0.26567 -0.77873 -0.02815 0.56763
1413394942.255760 -0.64718 -2.52198 0.55960 -0.29327 -0.76938 -0.01239 0.56735
1413394942.355761 -0.76892 -2.40922 0.61301 -0.31759 -0.76194 -0.01379 0.56426
1413394942.455760 -0.87505 -2.26635 0.66946 -0.33642 -0.75522 -0.03459 0.56148
1413394942.555760 -0.96828 -2.09712 0.71787 -0.35574 -0.74498 -0.06516 0.56054
1413394942.655761 -1.03375 -1.91106 0.74480 -0.37709 -0.73147 -0.09980 0.55929
1413394942.755760 -1.09834 -1.70546 0.75657 -0.38976 -0.71666 -0.15033 0.55847
1413394942.855761 -1.13728 -1.49676 0.75029 -0.38468 -0.69932 -0.22683 0.55814
1413394942.955760 -1.16792 -1.29320 0.72317 -0.37376 -0.67776 -0.30522 0.55478
1413394943.055760 -1.19464 -1.10224 0.67976 -0.37524 -0.65431 -0.36202 0.54774
1413394943.155761 -1.22129 -0.92971 0.62679 -0.38877 -0.63131 -0.40206 0.53727
1413394943.255760 -1.24856 -0.78104 0.56425 -0.40794 -0.60872 -0.43319 0.52477
1413394943.355761 -1.27941 -0.65946 0.50003 -0.43196 -0.58758 -0.45539 0.51066
1413394943.455760 -1.31737 -0.57772 0.44395 0.45710 0.57224 0.47290 -0.48986
1413394943.555760 -1.36578 -0.52246 0.40159 0.48453 0.56301 0.48363 -0.46298
1413394943.655761 -1.42302 -0.49954 0.36811 0.51769 0.56217 0.47754 -0.43349
1413394943.755760 -1.48973 -0.49844 0.34032 0.55089 0.55748 0.46144 -0.41570
1413394943.855761 -1.56619 -0.50682 0.30758 0.57442 0.54579 0.44663 -0.41555
1413394943.955760 -1.63585 -0.53327 0.27684 0.59310 0.53356 0.43000 -0.42266
1413394944.055760 -1.70386 -0.56255 0.24316 0.60070 0.53294 0.42451 -0.41824
1413394944.155761 -1.77066 -0.59038 0.21233 0.60152 0.53717 0.42554 -0.41054
1413394944.255760 -1.83161 -0.62545 0.19244 0.60592 0.53822 0.42410 -0.40412
1413394944.355761 -1.88942 -0.65908 0.18343 0.61476 0.54214 0.41699 -0.39278
1413394944.455760 -1.94305 -0.68946 0.18930 0.62548 0.54810 0.41140 -0.37298
1413394944.555760 -1.99234 -0.71666 0.19343 0.64355 0.54238 0.40689 -0.35512
1413394944.655761 -2.03756 -0.73598 0.18488 0.67063 0.52619 0.39862 -0.33834
1413394944.755760 -2.07435 -0.74376 0.16789 0.70020 0.50559 0.39272 -0.31604
1413394944.855761 -2.09926 -0.73501 0.14325 0.72757 0.47871 0.39349 -0.29436
1413394944.955760 -2.10995 -0.70728 0.11261 0.74986 0.44622 0.40391 -0.27468
1413394945.055760 -2.10550 -0.66118 0.07782 0.76250 0.41247 0.42836 -0.25487
1413394945.155761 -2.09241 -0.60105 0.03987 0.76934 0.37930 0.45894 -0.23159
1413394945.255760 -2.07090 -0.52874 0.00332 0.77406 0.34480 0.48796 -0.20938
1413394945.355761 -2.04267 -0.44701 -0.02641 0.77527 0.31040 0.51730 -0.18708
1413394945.455760 -2.01522 -0.35940 -0.05078 0.77049 0.26762 0.55124 -0.17568
1413394945.555760 -1.98934 -0.26997 -0.07447 0.77540 0.21233 0.56677 -0.18015
1413394945.655761 -1.96458 -0.18402 -0.09602 0.78407 0.15855 0.57276 -0.17899
1413394945.755760 -1.93919 -0.11149 -0.11412 0.79358 0.10811 0.57427 -0.16958
1413394945.855761 -1.91112 -0.05361 -0.13319 0.80109 0.05942 0.57597 -0.15158
1413394945.955760 -1.88555 -0.01440 -0.15234 0.80559 0.00965 0.57838 -0.12811
1413394946.055760 -1.86220 0.00070 -0.16537 0.80797 -0.02922 0.58223 -0.08568
1413394946.155761 -1.83984 0.00468 -0.17577 0.80785 -0.06553 0.58456 -0.03709
1413394946.255760 -1.82567 -0.00820 -0.18487 0.80212 -0.10729 0.58743 0.00397
1413394946.355761 -1.81323 -0.02876 -0.19405 0.79470 -0.15619 0.58555 0.03440
1413394946.455760 -1.80931 -0.06220 -0.19931 0.78599 -0.20622 0.57953 0.06192
1413394946.555760 -1.81063 -0.10434 -0.20371 0.77330 -0.25466 0.57371 0.08948
1413394946.655761 -1.82273 -0.15598 -0.20541 0.75750 -0.29114 0.56878 0.13387
1413394946.755760 -1.84573 -0.21650 -0.20417 0.73822 -0.32116 0.56284 0.18735
1413394946.855761 -1.87331 -0.27613 -0.20446 0.71783 -0.35589 0.55091 0.23356
1413394946.955760 -1.90249 -0.33311 -0.20689 0.69430 -0.39285 0.53678 0.27475
1413394947.055760 -1.93190 -0.38762 -0.20542 0.66932 -0.42851 0.51943 0.31397
1413394947.155761 -1.97037 -0.43186 -0.19044 0.64660 -0.46596 0.49508 0.34596
1413394947.255760 -2.00267 -0.47383 -0.16194 0.62616 -0.50336 0.46614 0.37049
1413394947.355761 -2.03500 -0.50822 -0.11646 0.59883 -0.53010 0.44828 0.39930
1413394947.455760 -2.05852 -0.54124 -0.05573 0.57664 -0.54809 0.43666 0.42002
1413394947.555760 -2.07976 -0.56847 0.00983 0.56651 -0.56456 0.42401 0.42492
1413394947.655761 -2.09474 -0.58068 0.06878 -0.57188 0.58321 -0.40104 -0.41472
1413394947.755760 -2.10384 -0.59289 0.11326 -0.58584 0.59785 -0.37845 -0.39515
1413394947.855761 -2.11283 -0.61913 0.14979 0.60426 -0.59979 0.36798 0.37377
1413394947.955760 -2.11661 -0.65553 0.19462 0.62244 -0.58872 0.37065 0.35860
1413394948.055760 -2.11480 -0.71046 0.25088 0.64197 -0.57307 0.37734 0.34218
1413394948.155761 -2.11276 -0.78239 0.30189 0.66209 -0.55923 0.37916 0.32424
1413394948.255760 -2.10781 -0.86676 0.34748 0.67189 -0.53715 0.39133 0.32694
1413394948.355761 -2.09635 -0.96874 0.39075 0.66368 -0.50656 0.42499 0.34973
1413394948.455760 -2.07951 -1.07175 0.42715 0.64205 -0.47481 0.46794 0.37862
1413394948.555760 -2.06273 -1.16755 0.45757 0.61558 -0.44665 0.50739 0.40510
1413394948.655761 -2.04598 -1.24910 0.48950 0.59582 -0.43152 0.53209 0.41912
1413394948.755760 -2.02969 -1.29712 0.52280 0.58408 -0.42341 0.54329 0.42943
1413394948.855761 -2.01546 -1.31953 0.55831 0.59698 -0.43695 0.52595 0.41960
1413394948.955760 -2.00092 -1.31093 0.59343 0.62167 -0.46105 0.49253 0.39796
1413394949.055760 -1.98768 -1.28625 0.61676 0.65242 -0.48908 0.44585 0.36928
1413394949.155761 -1.96983 -1.25657 0.62812 0.67787 -0.51325 0.40206 0.33973
1413394949.255760 -1.94285 -1.23954 0.63212 0.69251 -0.52872 0.37216 0.31997
1413394949.355761 -1.90918 -1.23407 0.62473 0.69948 -0.53841 0.35437 0.30863
1413394949.455760 -1.85833 -1.26316 0.62298 0.69787 -0.54057 0.35355 0.30945
1413394949.555760 -1.79933 -1.30599 0.62417 0.67829 -0.52413 0.38744 0.33925
1413394949.655761 -1.73446 -1.35851 0.62342 0.64591 -0.49806 0.43760 0.37848
1413394949.755760 -1.66088 -1.40991 0.63439 0.61587 -0.47659 0.47795 0.40636
1413394949.855761 -1.58667 -1.44820 0.64452 0.59932 -0.46805 0.50235 0.41157
1413394949.955760 -1.51160 -1.46909 0.64949 0.59671 -0.47265 0.51449 0.39476
1413394950.055760 -1.44107 -1.48059 0.65686 0.59872 -0.47243 0.52883 0.37240
1413394950.155761 -1.37673 -1.47890 0.66963 0.60777 -0.47465 0.53880 0.33913
1413394950.255760 -1.32585 -1.46218 0.67191 0.63438 -0.48583 0.52341 0.29592
1413394950.355761 -1.28632 -1.44713 0.67684 0.67417 -0.48690 0.48097 0.27767
1413394950.455760 -1.25654 -1.43994 0.69041 0.70739 -0.48025 0.43909 0.27598
1413394950.555760 -1.21796 -1.45732 0.70717 0.72632 -0.47575 0.41209 0.27623
1413394950.655761 -1.17243 -1.49821 0.72614 0.73093 -0.46944 0.40672 0.28273
1413394950.755760 -1.11477 -1.54708 0.75148 0.71684 -0.44826 0.43644 0.30776
1413394950.855761 -1.05661 -1.59635 0.78447 0.68978 -0.41586 0.48939 0.33430
1413394950.955760 -0.98836 -1.63969 0.81695 0.66045 -0.37806 0.54319 0.35471
1413394951.055760 -0.93086 -1.65597 0.85317 0.64001 -0.34198 0.58552 0.36140
1413394951.155761 -0.87621 -1.64752 0.88583 0.63512 -0.32135 0.61164 0.34534
1413394951.255760 -0.83186 -1.61206 0.91533 0.65597 -0.31918 0.61141 0.30660
1413394951.355761 -0.80225 -1.55378 0.93896 0.70048 -0.33282 0.57637 0.25758
1413394951.455760 -0.78726 -1.48231 0.96829 0.75218 -0.35056 0.51630 0.21157
1413394951.555760 -0.77555 -1.41245 1.00253 0.79015 -0.36545 0.45884 0.17767
1413394951.655761 -0.75664 -1.36193 1.04188 0.80953 -0.37794 0.42113 0.15644
1413394951.755760 -0.73201 -1.34070 1.08798 0.81820 -0.38468 0.40038 0.14919
1413394951.855761 -0.65953 -1.37660 1.15166 0.80524 -0.37133 0.42714 0.17677
1413394951.955760 -0.57172 -1.42490 1.21985 0.77679 -0.35248 0.47666 0.21249
1413394952.055760 -0.47391 -1.47755 1.29015 0.73874 -0.33358 0.53240 0.24400
1413394952.155761 -0.38427 -1.52527 1.34652 0.70826 -0.31735 0.57224 0.26493
1413394952.255760 -0.29446 -1.56450 1.38389 0.69979 -0.31944 0.58116 0.26554
1413394952.355761 -0.21122 -1.59210 1.40201 0.71807 -0.33242 0.56164 0.24172
1413394952.455760 -0.13608 -1.62022 1.39885 0.73723 -0.34349 0.54424 0.20570
1413394952.555760 -0.06808 -1.65202 1.40653 0.75577 -0.34088 0.52794 0.18409
1413394952.655761 0.00749 -1.69033 1.42829 0.77009 -0.32331 0.51659 0.18858
1413394952.755760 0.08158 -1.74125 1.46608 0.77060 -0.30359 0.52315 0.20079
1413394952.855761 0.15415 -1.78918 1.49829 0.75321 -0.28387 0.55310 0.21488
1413394952.955760 0.21659 -1.83118 1.52567 0.72601 -0.26538 0.59202 0.22805
1413394953.055760 0.26786 -1.86157 1.53928 0.70274 -0.25226 0.62144 0.23734
1413394953.155761 0.31104 -1.87631 1.54191 0.68767 -0.24535 0.63875 0.24272
1413394953.255760 0.33560 -1.86583 1.55186 0.67739 -0.24214 0.64891 0.24783
1413394953.355761 0.33691 -1.83417 1.58620 0.66450 -0.23849 0.66131 0.25344
1413394953.455760 0.30418 -1.77295 1.62756 0.67378 -0.24548 0.65088 0.24923
1413394953.555760 0.26278 -1.69847 1.64498 0.72254 -0.26711 0.59408 0.23165
1413394953.655761 0.23190 -1.63352 1.63541 0.76991 -0.28776 0.52884 0.21158
1413394953.755760 0.19698 -1.55562 1.58677 0.80184 -0.30355 0.47647 0.19463
1413394953.855761 0.16012 -1.48043 1.50044 0.82028 -0.31229 0.44244 0.18402
1413394953.955760 0.14719 -1.41730 1.40137 0.81815 -0.31102 0.44618 0.18659
1413394954.055760 0.13625 -1.34769 1.31258 0.79570 -0.29904 0.48602 0.20305
1413394954.155761 0.15151 -1.28906 1.22158 0.76656 -0.28288 0.53172 0.22278
1413394954.255760 0.16551 -1.23596 1.13504 0.73523 -0.26438 0.57709 0.23771
1413394954.355761 0.17017 -1.17393 1.05605 0.71303 -0.24918 0.60798 0.24464
1413394954.455760 0.15494 -1.09676 0.99063 0.71008 -0.24536 0.61654 0.23549
1413394954.555760 0.13503 -1.00058 0.93411 0.73431 -0.26268 0.58803 0.21449
1413394954.655761 0.11197 -0.90079 0.88073 0.77340 -0.29133 0.53251 0.18277
1413394954.755760 0.08803 -0.79989 0.82847 0.80309 -0.32046 0.47852 0.15286
1413394954.855761 0.06211 -0.70163 0.77664 0.81517 -0.33618 0.44919 0.14391
1413394954.955760 0.06467 -0.63794 0.72238 0.80560 -0.32618 0.46496 0.16861
1413394955.055760 0.08732 -0.59131 0.66606 0.78305 -0.30285 0.50667 0.19597
1413394955.155761 0.09724 -0.54681 0.60806 0.76013 -0.27280 0.55064 0.21115
1413394955.255760 0.11088 -0.49856 0.55232 0.74236 -0.24007 0.58793 0.21354
1413394955.355761 0.12559 -0.43276 0.50667 0.74420 -0.22431 0.60137 0.18494
1413394955.455760 0.12880 -0.36269 0.46734 0.77083 -0.23344 0.58075 0.11854
1413394955.555760 0.12176 -0.29769 0.44060 0.80448 -0.24418 0.53778 0.06312
1413394955.655761 0.11765 -0.25676 0.43432 0.83369 -0.24016 0.49521 0.04527
1413394955.755760 0.12609 -0.24384 0.44407 0.84961 -0.21649 0.47614 0.06770
1413394955.855761 0.15261 -0.24381 0.45898 0.84559 -0.19212 0.48781 0.10055
1413394955.955760 0.20312 -0.24100 0.46996 0.82813 -0.17925 0.51674 0.12269
1413394956.105761 0.29531 -0.26374 0.50883 0.78367 -0.16578 0.58119 0.14350
1413394956.205760 0.35813 -0.27194 0.53360 0.75794 -0.15718 0.61689 0.14235
1413394956.305760 0.40974 -0.26823 0.55601 0.74411 -0.14629 0.63935 0.12700
1413394956.405761 0.44495 -0.25111 0.57643 0.74627 -0.13414 0.64457 0.09805
1413394956.505760 0.46535 -0.22520 0.57875 0.77020 -0.11726 0.62321 0.06816
1413394956.605761 0.46713 -0.19629 0.56999 0.80447 -0.09357 0.58433 0.05127
1413394956.655761 0.46916 -0.18346 0.56526 0.82388 -0.08309 0.55879 0.04554
1413394956.755760 0.48079 -0.16176 0.55497 0.85474 -0.06799 0.51330 0.03639
1413394956.855761 0.49205 -0.17480 0.54127 0.86519 -0.05428 0.49760 0.03009
1413394956.955760 0.55319 -0.16654 0.54257 0.85480 -0.04586 0.51606 0.02995
1413394957.055760 0.62514 -0.15833 0.54904 0.83857 -0.04011 0.54241 0.03118
1413394957.155761 0.70489 -0.14923 0.56534 0.81324 -0.03943 0.57986 0.02903
1413394957.255760 0.77570 -0.14070 0.58299 0.78420 -0.03942 0.61871 0.02592
1413394957.355761 0.82488 -0.13339 0.60539 0.75187 -0.04197 0.65773 0.01768
1413394957.455760 0.85732 -0.12170 0.62577 0.73356 -0.04449 0.67805 0.01253
1413394957.555760 0.85955 -0.11311 0.64314 0.75037 -0.04704 0.65933 0.00381
1413394957.655761 0.82531 -0.11487 0.66333 0.78834 -0.04227 0.61378 -0.00253
1413394957.755760 0.81302 -0.10899 0.67829 0.82813 -0.03182 0.55960 -0.00613
1413394957.855761 0.80734 -0.10395 0.68666 0.85100 -0.02117 0.52457 -0.01362
1413394957.955760 0.80116 -0.10531 0.69187 0.85042 -0.00876 0.52536 -0.02664
1413394958.055760 0.80873 -0.10980 0.69462 0.83049 0.00543 0.55502 -0.04699
1413394958.155761 0.81948 -0.11499 0.69990 0.79688 0.02560 0.59993 -0.06647
1413394958.255760 0.82644 -0.12637 0.70484 0.76312 0.04915 0.63859 -0.08623
1413394958.355761 0.81523 -0.14897 0.70901 0.73754 0.07506 0.66320 -0.10278
1413394958.455760 0.79130 -0.17892 0.71506 0.75486 0.10185 0.63837 -0.11089
1413394958.555760 0.75013 -0.21604 0.71614 0.79684 0.12965 0.57889 -0.11455
1413394958.655761 0.70395 -0.25667 0.71632 0.83833 0.15534 0.50949 -0.11614
1413394958.755760 0.66577 -0.29224 0.72283 0.85923 0.17644 0.46512 -0.11941
1413394958.855761 0.65645 -0.32228 0.73384 0.86072 0.19889 0.45249 -0.12186
1413394958.955760 0.67306 -0.33395 0.74882 0.84242 0.22588 0.47431 -0.11972
1413394959.055760 0.71303 -0.33303 0.76923 0.80762 0.24485 0.52055 -0.12969
1413394959.155761 0.75789 -0.32263 0.78738 0.77135 0.25256 0.56344 -0.15416
1413394959.255760 0.79527 -0.30787 0.80793 0.73340 0.25253 0.60272 -0.18731
1413394959.355761 0.81902 -0.30021 0.83155 0.70868 0.25687 0.62205 -0.21176
1413394959.455760 0.82837 -0.30028 0.84652 0.73109 0.27700 0.58560 -0.21415
1413394959.555760 0.82902 -0.30444 0.86126 0.77076 0.30408 0.52145 -0.20385
1413394959.655761 0.82976 -0.30854 0.87527 0.79983 0.32928 0.46245 -0.19491
1413394959.755760 0.83835 -0.29917 0.89291 0.80669 0.35481 0.43302 -0.18936
1413394959.855761 0.86382 -0.26530 0.91119 0.78354 0.38428 0.44993 -0.18963
1413394959.955760 0.89902 -0.21284 0.92400 0.74796 0.39659 0.48624 -0.21643
1413394960.055760 0.93190 -0.15174 0.93080 0.70389 0.39451 0.52751 -0.26577
1413394960.155761 0.95718 -0.08866 0.92748 0.66427 0.39728 0.55216 -0.30990
1413394960.255760 0.97287 -0.03780 0.92288 0.64239 0.41471 0.54905 -0.33748
1413394960.355761 0.97709 -0.00018 0.91828 0.63848 0.44421 0.52145 -0.35087
1413394960.455760 0.97593 0.03037 0.90351 0.64513 0.48401 0.47707 -0.34921
1413394960.555760 0.96938 0.04995 0.87575 0.65573 0.52705 0.42221 -0.33760
1413394960.655761 0.96482 0.08706 0.84112 0.65827 0.56361 0.37656 -0.32747
1413394960.755760 0.96271 0.13437 0.81348 0.63947 0.59118 0.36409 -0.33018
1413394960.855761 0.96155 0.20903 0.79368 0.60346 0.59530 0.38805 -0.36178
1413394960.955760 0.95803 0.28930 0.78163 0.56931 0.58095 0.41717 -0.40541
1413394961.055760 0.95546 0.36917 0.77250 0.54590 0.56448 0.43734 -0.43827
1413394961.155761 0.95147 0.43617 0.76189 0.53912 0.55923 0.44139 -0.44920
1413394961.255760 0.94117 0.48956 0.74909 0.55596 0.57530 0.42153 -0.42691
1413394961.355761 0.93143 0.53670 0.73435 0.57989 0.60062 0.38693 -0.39150
1413394961.455760 0.91621 0.59205 0.72413 0.58864 0.62047 0.37264 -0.36009
1413394961.555760 0.89762 0.65950 0.72118 0.57187 0.62614 0.39434 -0.35413
1413394961.655761 0.87084 0.73582 0.72200 0.55234 0.61015 0.42209 -0.38010
1413394961.755760 0.83620 0.81424 0.72392 0.53489 0.57951 0.44537 -0.42392
1413394961.855761 0.79816 0.88513 0.72418 0.52754 0.55263 0.45521 -0.45726
1413394961.955760 0.75307 0.94381 0.72222 0.53033 0.53811 0.45339 -0.47289
1413394962.055760 0.71253 0.96969 0.72273 0.54846 0.54377 0.43340 -0.46441
1413394962.155761 0.67466 0.98373 0.72341 0.56727 0.56613 0.41365 -0.43197
1413394962.255760 0.63696 0.99336 0.72850 0.58018 0.58268 0.39987 -0.40493
1413394962.355761 0.59588 1.01154 0.74000 0.58140 0.58656 0.40107 -0.39631
1413394962.455760 0.55298 1.03073 0.76033 0.55984 0.56686 0.43266 -0.42196
1413394962.555760 0.50806 1.03777 0.78380 0.53215 0.53878 0.46691 -0.45664
1413394962.655761 0.45833 1.03372 0.80134 0.52620 0.52686 0.47156 -0.47240
1413394962.755760 0.40854 1.00874 0.81123 0.54847 0.54308 0.44246 -0.45659
1413394962.855761 0.35985 0.97125 0.81751 0.57213 0.56858 0.40694 -0.42870
1413394962.955760 0.31369 0.92943 0.81901 0.57649 0.59128 0.38908 -0.40824
1413394963.055760 0.26469 0.89201 0.82175 0.55833 0.58991 0.40457 -0.42022
1413394963.155761 0.21448 0.85385 0.81821 0.53008 0.57120 0.43283 -0.45321
1413394963.255760 0.16531 0.80370 0.80035 0.51500 0.56045 0.44461 -0.47222
1413394963.355761 0.11902 0.74047 0.76308 0.52613 0.57712 0.42811 -0.45480
1413394963.455760 0.07161 0.66918 0.71542 0.54998 0.60505 0.39563 -0.41821
1413394963.555760 0.01963 0.59433 0.66502 0.56943 0.62668 0.36851 -0.38369
1413394963.655761 -0.03680 0.53149 0.62259 0.57200 0.62752 0.36837 -0.37861
1413394963.755760 -0.10193 0.48708 0.59225 0.55419 0.60693 0.39966 -0.40593
1413394963.855761 -0.16325 0.44077 0.56093 0.53392 0.57844 0.42919 -0.44287
1413394963.955760 -0.22813 0.38785 0.52422 0.53959 0.56872 0.42411 -0.45336
1413394964.055760 -0.29257 0.32939 0.48207 0.56322 0.58745 0.39728 -0.42410
1413394964.155761 -0.35663 0.26974 0.44363 0.58546 0.60977 0.36895 -0.38639
1413394964.255760 -0.42176 0.22304 0.41678 0.58959 0.61792 0.36571 -0.36989
1413394964.355761 -0.49145 0.19091 0.40394 0.57296 0.60367 0.39306 -0.39091
1413394964.455760 -0.56650 0.16213 0.39736 0.55109 0.57342 0.42373 -0.43352
1413394964.555760 -0.64227 0.13005 0.39006 0.54394 0.55376 0.43065 -0.46046
1413394964.655761 -0.71760 0.08819 0.37733 0.56723 0.56282 0.39732 -0.45124
1413394964.755760 -0.78341 0.04273 0.36813 0.59680 0.58449 0.35351 -0.42100
1413394964.855761 -0.84356 0.00242 0.36314 0.61975 0.59975 0.31882 -0.39314
1413394964.955760 -0.89213 -0.01868 0.36724 0.63746 0.60026 0.29417 -0.38314
1413394965.055760 -0.92705 -0.01249 0.38361 0.62844 0.59083 0.31480 -0.39609
1413394965.155761 -0.95289 0.01147 0.40887 0.59244 0.57665 0.36627 -0.42701
1413394965.255760 -0.97068 0.04185 0.43801 0.55252 0.56325 0.40304 -0.46372
1413394965.355761 -0.98276 0.06525 0.46163 0.52532 0.57669 0.40989 -0.47272
1413394965.455760 -0.99373 0.07550 0.47993 0.51311 0.60857 0.39003 -0.46286
1413394965.555760 -1.00805 0.07682 0.50346 0.49640 0.63049 0.37033 -0.46789
1413394965.655761 -1.02257 0.07003 0.53449 -0.46915 -0.63405 -0.35438 0.50229
1413394965.755760 -1.03375 0.05568 0.56392 -0.43718 -0.64040 -0.33754 0.53369
1413394965.855761 -1.03732 0.02930 0.58085 -0.41139 -0.67022 -0.31467 0.53156
1413394965.955760 -1.04044 -0.00305 0.58863 -0.38251 -0.69415 -0.29844 0.53177
1413394966.055760 -1.03865 -0.04482 0.59554 -0.34800 -0.69017 -0.29059 0.56403
1413394966.155761 -1.02989 -0.09672 0.59076 -0.32330 -0.69419 -0.27444 0.58160
1413394966.255760 -1.01688 -0.15833 0.57149 -0.31603 -0.72906 -0.24192 0.55684
1413394966.355761 -0.99852 -0.22923 0.54193 -0.31607 -0.77695 -0.19967 0.50653
1413394966.455760 -0.98731 -0.29643 0.51267 0.31148 0.81347 0.16272 -0.46342
1413394966.555760 -0.99169 -0.34703 0.49691 0.29299 0.81794 0.14969 -0.47193
1413394966.655761 -1.00855 -0.38064 0.49145 -0.26431 -0.79593 -0.15616 0.52178
1413394966.755760 -1.03366 -0.40764 0.49059 -0.23373 -0.76497 -0.16353 0.57746
1413394966.855761 -1.05108 -0.44118 0.48553 -0.21043 -0.74872 -0.15744 0.60857
1413394966.955760 -1.05834 -0.47426 0.48006 -0.19255 -0.76534 -0.14242 0.59741
1413394967.055760 -1.06163 -0.51259 0.47091 -0.17758 -0.80129 -0.12232 0.55807
1413394967.155761 -1.06385 -0.55427 0.46732 -0.15797 -0.82900 -0.10556 0.52598
1413394967.255760 -1.07744 -0.59603 0.47764 -0.13416 -0.82485 -0.09353 0.54119
1413394967.355761 -1.09837 -0.63891 0.49711 -0.10867 -0.79823 -0.08345 0.58656
1413394967.455760 -1.11719 -0.68306 0.52042 -0.08517 -0.76585 -0.07051 0.63344
1413394967.555760 -1.12333 -0.73145 0.53677 -0.06978 -0.76553 -0.04489 0.63803
1413394967.655761 -1.11914 -0.76857 0.54900 -0.05065 -0.80078 -0.02492 0.59629
1413394967.755760 -1.10846 -0.81758 0.56879 -0.02974 -0.82749 -0.00921 0.56062
1413394967.855761 -1.10078 -0.85786 0.59887 -0.00539 -0.82348 0.00563 0.56729
1413394967.955760 -1.09480 -0.89849 0.63639 0.02239 -0.80106 0.02228 0.59776
1413394968.055760 -1.08202 -0.93979 0.67146 0.05066 -0.79000 0.04133 0.60961
1413394968.155761 -1.06174 -0.97886 0.68649 0.07554 -0.80749 0.05751 0.58219
1413394968.255760 -1.04637 -1.01859 0.69284 0.09296 -0.82482 0.06849 0.55348
1413394968.355761 -1.03383 -1.06085 0.69391 0.10732 -0.82537 0.07746 0.54886
1413394968.455760 -1.02770 -1.10397 0.68771 0.12144 -0.82022 0.08831 0.55199
1413394968.555760 -1.02953 -1.14411 0.67837 0.13412 -0.81879 0.10037 0.54911
1413394968.655761 -1.03939 -1.18281 0.66873 0.14540 -0.82392 0.10420 0.53773
1413394968.755760 -1.05533 -1.22335 0.66266 0.16134 -0.82184 0.09439 0.53819
1413394968.855761 -1.07893 -1.27252 0.66022 0.16897 -0.81525 0.08985 0.54658
1413394968.955760 -1.10743 -1.32519 0.66031 0.16710 -0.80765 0.10264 0.55609
1413394969.055760 -1.13841 -1.38557 0.66471 0.16701 -0.79692 0.12116 0.56775
1413394969.155761 -1.16725 -1.44540 0.66106 0.17292 -0.78832 0.13809 0.57409
1413394969.255760 -1.19327 -1.50411 0.63984 0.17961 -0.77995 0.14893 0.58073
1413394969.355761 -1.21551 -1.55663 0.60370 0.18404 -0.77078 0.15677 0.58945
1413394969.455760 -1.22768 -1.59625 0.55767 0.18925 -0.76020 0.15823 0.60103
1413394969.555760 -1.23365 -1.63294 0.51099 0.20188 -0.76222 0.14268 0.59825
1413394969.655761 -1.23083 -1.66953 0.46517 0.21667 -0.77414 0.11936 0.58268
1413394969.755760 -1.22074 -1.71063 0.42570 0.22931 -0.78085 0.09681 0.57298
1413394969.855761 -1.20518 -1.76248 0.39133 0.23336 -0.78579 0.08777 0.56601
1413394969.955760 -1.18591 -1.82714 0.36488 0.22309 -0.79696 0.09766 0.55276
1413394970.055760 -1.16669 -1.89965 0.35546 0.21100 -0.80691 0.11003 0.54062
1413394970.155761 -1.15490 -1.97885 0.36762 0.20164 -0.81200 0.12016 0.53438
1413394970.255760 -1.14866 -2.06442 0.38633 0.19492 -0.80573 0.12929 0.54414
1413394970.355761 -1.14895 -2.15509 0.40170 0.18110 -0.78806 0.14856 0.56929
1413394970.455760 -1.14960 -2.24221 0.40917 0.16207 -0.76980 0.17445 0.59221
1413394970.555760 -1.14353 -2.31932 0.40183 0.14772 -0.76459 0.19572 0.59605
1413394970.655761 -1.13232 -2.38139 0.38716 0.13324 -0.76510 0.21691 0.59145
1413394970.755760 -1.12158 -2.42145 0.37093 0.13222 -0.76033 0.21620 0.59807
1413394970.855761 -1.10730 -2.43916 0.35144 0.15573 -0.76749 0.18073 0.59501
1413394970.955760 -1.08606 -2.44272 0.33822 0.17976 -0.78380 0.14275 0.57704
1413394971.055760 -1.06227 -2.44410 0.34279 0.19336 -0.79392 0.11755 0.56434
1413394971.155761 -1.03853 -2.45107 0.36169 0.19440 -0.80551 0.10954 0.54897
1413394971.255760 -1.02033 -2.46285 0.38300 0.19254 -0.82209 0.10695 0.52503
1413394971.355761 -1.00953 -2.48257 0.39555 0.19154 -0.83812 0.10368 0.50012
1413394971.455760 -1.01102 -2.51208 0.40013 -0.19000 0.84935 -0.10249 -0.48167
1413394971.555760 -1.03261 -2.55264 0.40572 -0.17941 0.85529 -0.11298 -0.47278
1413394971.655761 -1.07540 -2.60104 0.41890 -0.16302 0.84620 -0.13282 -0.48962
1413394971.755760 -1.13488 -2.64861 0.43640 0.14436 -0.82719 0.14929 0.52213
1413394971.855761 -1.21327 -2.68804 0.45560 0.12533 -0.80828 0.15558 0.55387
1413394971.955760 -1.29442 -2.71662 0.47248 0.10257 -0.79011 0.15703 0.58356
1413394972.055760 -1.37163 -2.73330 0.48231 0.08048 -0.77773 0.14355 0.60667
1413394972.155761 -1.44347 -2.73639 0.48099 0.05173 -0.77191 0.12351 0.62147
1413394972.255760 -1.50421 -2.72235 0.46878 0.01743 -0.76998 0.09816 0.63023
1413394972.355761 -1.55435 -2.69689 0.45274 -0.02146 -0.76953 0.06831 0.63458
1413394972.455760 -1.58706 -2.65357 0.43050 -0.06554 -0.77255 0.03816 0.63041
1413394972.555760 -1.60837 -2.59929 0.40127 -0.10945 -0.78549 0.00301 0.60911
1413394972.655761 -1.61760 -2.53439 0.37581 -0.14963 -0.79595 -0.04014 0.58520
1413394972.755760 -1.62766 -2.46081 0.35787 -0.18111 -0.79687 -0.09499 0.56848
1413394972.855761 -1.63266 -2.38373 0.34719 -0.21006 -0.78975 -0.15024 0.55641
1413394972.955760 -1.63767 -2.30987 0.33914 -0.24433 -0.77649 -0.19453 0.54728
1413394973.055760 -1.64419 -2.24059 0.33234 -0.28546 -0.76119 -0.22588 0.53673
1413394973.155761 -1.65075 -2.17563 0.32270 -0.32996 -0.74403 -0.24828 0.52527
1413394973.255760 -1.65579 -2.11385 0.31698 -0.37658 -0.72544 -0.26366 0.51225
1413394973.355761 -1.66202 -2.05312 0.31096 0.41932 0.70430 0.28148 -0.49890
1413394973.455760 -1.67076 -1.99143 0.30604 0.45798 0.68009 0.30362 -0.48533
1413394973.555760 -1.67880 -1.92927 0.30453 0.49528 0.65405 0.32624 -0.46955
1413394973.655761 -1.68582 -1.86534 0.30442 0.52987 0.62881 0.35020 -0.44854
1413394973.755760 -1.69382 -1.79898 0.30524 0.55909 0.59930 0.37950 -0.42924
1413394973.855761 -1.70029 -1.73326 0.30734 0.58840 0.56607 0.40451 -0.41197
1413394973.955760 -1.70130 -1.67334 0.31047 0.61801 0.53248 0.42433 -0.39303
1413394974.055760 -1.69787 -1.62224 0.31759 0.64513 0.49749 0.44339 -0.37378
1413394974.155761 -1.69870 -1.55136 0.32420 0.67030 0.46165 0.45914 -0.35605
1413394974.255760 -1.69586 -1.48927 0.33258 0.69449 0.42296 0.47315 -0.33900
1413394974.355761 -1.68428 -1.43807 0.34378 0.71866 0.38498 0.48267 -0.31993
1413394974.455760 -1.66887 -1.38067 0.35529 0.74084 0.34740 0.49057 -0.29968
1413394974.555760 -1.64729 -1.33339 0.36957 0.75848 0.30993 0.50122 -0.27826
1413394974.655761 -1.61447 -1.30055 0.38712 0.76544 0.27538 0.52240 -0.25567
1413394974.755760 -1.57760 -1.26641 0.40238 0.77208 0.24638 0.53918 -0.22908
1413394974.855761 -1.53928 -1.24931 0.41292 0.78099 0.22174 0.54833 -0.20054
1413394974.955760 -1.50004 -1.23040 0.41303 0.78912 0.20200 0.55476 -0.16948
1413394975.055760 -1.46385 -1.22630 0.39906 0.79191 0.18247 0.56454 -0.14451
1413394975.155761 -1.43039 -1.21908 0.37352 0.78744 0.16339 0.58081 -0.12608
1413394975.255760 -1.39906 -1.20779 0.34036 0.78426 0.14338 0.59282 -0.11381
1413394975.355761 -1.37348 -1.19815 0.30126 0.78455 0.12637 0.59865 -0.10062
1413394975.455760 -1.35227 -1.18674 0.26283 0.79067 0.11392 0.59563 -0.08417
1413394975.555760 -1.33822 -1.17598 0.22694 0.79970 0.10486 0.58723 -0.06814
1413394975.655761 -1.32948 -1.16393 0.19554 0.80824 0.09856 0.57767 -0.05776
1413394975.755760 -1.32021 -1.14576 0.17067 0.81354 0.09497 0.57136 -0.05181
1413394975.855761 -1.31031 -1.12479 0.15306 0.81608 0.09309 0.56815 -0.05063
1413394975.955760 -1.29929 -1.10102 0.14418 0.80807 0.09391 0.57938 -0.05022
1413394976.055760 -1.28959 -1.07323 0.13823 0.79651 0.09329 0.59494 -0.05403
1413394976.155761 -1.28249 -1.04304 0.13279 0.79173 0.09502 0.60094 -0.05478
1413394976.255760 -1.27821 -1.00773 0.12438 0.79226 0.09764 0.59990 -0.05400
1413394976.355761 -1.28608 -0.97482 0.12169 0.78954 0.09994 0.60314 -0.05341
1413394976.455760 -1.29777 -0.93821 0.11692 0.78006 0.10009 0.61517 -0.05527
1413394976.605761 -1.33507 -0.87790 0.11330 0.76420 0.09634 0.63468 -0.06239
1413394976.705760 -1.37596 -0.83728 0.11156 0.76249 0.08806 0.63651 -0.07563
1413394976.755760 -1.40104 -0.81783 0.10965 0.76891 0.08302 0.62843 -0.08338
1413394976.855761 -1.45993 -0.78319 0.10580 0.79161 0.07410 0.59904 -0.09495
1413394976.955760 -1.52542 -0.75752 0.10434 0.82507 0.06489 0.55182 -0.10270
1413394977.105761 -1.60696 -0.73792 0.11246 0.86476 0.04814 0.48852 -0.10593
1413394977.155761 -1.62340 -0.73766 0.11922 0.87499 0.04249 0.47052 -0.10580
1413394977.305760 -1.62691 -0.74608 0.14803 0.89117 0.04265 0.44347 -0.08562
1413394977.405761 -1.58822 -0.76283 0.18211 0.88906 0.06378 0.45014 -0.05366
1413394977.505760 -1.51292 -0.77646 0.22277 0.88564 0.07923 0.45647 -0.03166
1413394977.605761 -1.41048 -0.78025 0.26822 0.88343 0.08328 0.46045 -0.02443
1413394977.705760 -1.28679 -0.77373 0.31645 0.88137 0.08395 0.46441 -0.02146
1413394977.805760 -1.13624 -0.75704 0.36774 0.87247 0.08539 0.48073 -0.01991
1413394977.905761 -0.96229 -0.73131 0.42354 0.85454 0.08648 0.51176 -0.01979
1413394978.005760 -0.77581 -0.69584 0.47760 0.83476 0.08737 0.54330 -0.01902
1413394978.105761 -0.58584 -0.65098 0.53036 0.81834 0.08898 0.56755 -0.01694
1413394978.155761 -0.49156 -0.62543 0.55613 0.81335 0.09044 0.57451 -0.01491
1413394978.255760 -0.30207 -0.56977 0.59738 0.80797 0.09232 0.58181 -0.01282
1413394978.355761 -0.11476 -0.50909 0.62983 0.80664 0.09384 0.58342 -0.01213
1413394978.455760 0.06960 -0.44087 0.64969 0.80629 0.09456 0.58373 -0.01459
1413394978.555760 0.24830 -0.36301 0.66120 0.80706 0.09236 0.58277 -0.02216
1413394978.655761 0.42114 -0.27729 0.67206 0.80814 0.08652 0.58157 -0.03470
1413394978.755760 0.58986 -0.18775 0.68428 0.80907 0.07756 0.58031 -0.05136
1413394978.855761 0.75106 -0.09739 0.69981 0.80912 0.07024 0.58010 -0.06220
1413394978.955760 0.90758 -0.01008 0.71729 0.80744 0.06496 0.58245 -0.06759
1413394979.055760 1.05481 0.07145 0.72824 0.79841 0.05948 0.59509 -0.06978
1413394979.155761 1.21603 0.16001 0.72833 0.78489 0.05289 0.61288 -0.07435
1413394979.255760 1.35374 0.23639 0.72226 0.76847 0.04317 0.63271 -0.08527
1413394979.355761 1.48497 0.30629 0.71084 0.75231 0.03369 0.65028 -0.10015
1413394979.455760 1.59980 0.36499 0.70405 0.73288 0.02710 0.67008 -0.11467
1413394979.555760 1.67965 0.39994 0.70847 0.71163 0.02643 0.69140 -0.12186
1413394979.655761 1.72726 0.41509 0.72177 0.69869 0.03289 0.70459 -0.11961
1413394979.755760 1.73300 0.40884 0.74375 0.70648 0.04751 0.69827 -0.10512
1413394979.855761 1.69468 0.38377 0.77300 0.74175 0.07101 0.66335 -0.06888
1413394979.955760 1.63028 0.35474 0.81013 0.77505 0.08896 0.62467 -0.03409
1413394980.055760 1.55539 0.33457 0.84572 0.79222 0.09397 0.60274 -0.01657
1413394980.155761 1.47708 0.32700 0.87242 0.79134 0.09214 0.60430 -0.01054
1413394980.255760 1.39238 0.32550 0.88628 0.78346 0.08612 0.61528 -0.01447
1413394980.355761 1.30497 0.32887 0.89398 0.77770 0.07879 0.62326 -0.02257
1413394980.455760 1.20538 0.33679 0.88445 0.78220 0.07443 0.61801 -0.02606
1413394980.555760 1.09743 0.34892 0.87825 0.79382 0.06550 0.60351 -0.03654
1413394980.655761 0.98080 0.36591 0.87823 0.80366 0.05786 0.59045 -0.04641
1413394980.755760 0.86458 0.38170 0.88435 0.80844 0.05448 0.58373 -0.05213
1413394980.855761 0.74947 0.39802 0.89469 0.81106 0.05231 0.57992 -0.05610
1413394980.955760 0.63751 0.41721 0.90484 0.81231 0.05120 0.57817 -0.05709
1413394981.055760 0.52299 0.43171 0.90830 0.81387 0.04799 0.57576 -0.06182
1413394981.155761 0.41490 0.44127 0.90140 0.81539 0.04355 0.57318 -0.06868
1413394981.255760 0.31744 0.44364 0.88170 0.81753 0.04001 0.56969 -0.07419
1413394981.355761 0.22613 0.44246 0.85585 0.81844 0.04043 0.56875 -0.07112
1413394981.455760 0.13922 0.43596 0.83022 0.81863 0.04634 0.56959 -0.05713
1413394981.555760 0.06046 0.42822 0.80752 0.81860 0.04856 0.57035 -0.04725
1413394981.655761 -0.02333 0.41974 0.78751 0.82289 0.04622 0.56464 -0.04360
1413394981.755760 -0.09924 0.41017 0.76699 0.82821 0.03932 0.55766 -0.03932
1413394981.855761 -0.16655 0.39936 0.74747 0.83229 0.02410 0.55245 -0.03887
1413394981.955760 -0.22344 0.38555 0.73113 0.83360 0.00504 0.55106 -0.03772
1413394982.055760 -0.26793 0.36803 0.71964 0.83301 -0.01882 0.55177 -0.03587
1413394982.155761 -0.30192 0.34382 0.71257 0.82820 -0.04699 0.55743 -0.03387
1413394982.255760 -0.32461 0.31112 0.70980 0.82220 -0.07870 0.56289 -0.03096
1413394982.355761 -0.34558 0.26612 0.71028 0.81748 -0.10894 0.56517 -0.02102
1413394982.455760 -0.36728 0.20465 0.71493 0.81160 -0.13890 0.56743 -0.00600
1413394982.555760 -0.38598 0.12730 0.72442 0.80573 -0.16890 0.56759 0.01086
1413394982.655761 -0.40592 0.03383 0.73874 0.79816 -0.19811 0.56820 0.02896
1413394982.755760 -0.42630 -0.07331 0.75561 0.79136 -0.22295 0.56700 0.05057
1413394982.855761 -0.45086 -0.19526 0.77437 0.78385 -0.24509 0.56546 0.07597
1413394983.005760 -0.49449 -0.40032 0.80561 0.77412 -0.27091 0.56049 0.11485
1413394983.105761 -0.52671 -0.54559 0.82744 0.77000 -0.27878 0.55706 0.13806
1413394983.205760 -0.55958 -0.69536 0.85050 0.76689 -0.28124 0.55561 0.15518
1413394983.305760 -0.59232 -0.84663 0.87350 0.76450 -0.28185 0.55579 0.16492
1413394983.405761 -0.62479 -1.00074 0.89690 0.76544 -0.27598 0.55419 0.17552
1413394983.505760 -0.65362 -1.15474 0.91898 0.77106 -0.26200 0.54789 0.19141
1413394983.605761 -0.68247 -1.30164 0.93623 0.77501 -0.25034 0.54414 0.20150
1413394983.705760 -0.71140 -1.44654 0.94298 0.77694 -0.23998 0.54328 0.20885
1413394983.805760 -0.73406 -1.58168 0.93611 0.77788 -0.23203 0.54305 0.21486
1413394983.905761 -0.74854 -1.70905 0.91608 0.77812 -0.22992 0.54357 0.21492
1413394984.005760 -0.75654 -1.82226 0.88475 0.77824 -0.22924 0.54440 0.21313
1413394984.105761 -0.75741 -1.91798 0.84675 0.77959 -0.22447 0.54606 0.20896
1413394984.205760 -0.75133 -2.00771 0.81149 0.78274 -0.21634 0.54710 0.20298
1413394984.305760 -0.74255 -2.08563 0.77828 0.78765 -0.21016 0.54474 0.19674
1413394984.405761 -0.72661 -2.15310 0.74860 0.79386 -0.20678 0.53909 0.19081
1413394984.505760 -0.70139 -2.21148 0.72194 0.80012 -0.20049 0.53425 0.18491
1413394984.605761 -0.66795 -2.26000 0.69992 0.80537 -0.19059 0.53289 0.17631
1413394984.705760 -0.62695 -2.30427 0.68144 0.81059 -0.17576 0.53365 0.16514
1413394984.805760 -0.57694 -2.34305 0.66499 0.81609 -0.15852 0.53446 0.15240
1413394984.905761 -0.51883 -2.37380 0.65348 0.81881 -0.14260 0.53977 0.13362
1413394985.005760 -0.45379 -2.39440 0.64664 0.81904 -0.12143 0.54819 0.11796
1413394985.105761 -0.38364 -2.41523 0.64344 0.81999 -0.10005 0.55342 0.10647
1413394985.205760 -0.31095 -2.42821 0.64419 0.82161 -0.08577 0.55499 0.09795
1413394985.305760 -0.23107 -2.43339 0.65341 0.82343 -0.08074 0.55496 0.08643
1413394985.405761 -0.14375 -2.43533 0.67554 0.82463 -0.09271 0.55511 0.05693
1413394985.505760 -0.05076 -2.43913 0.71318 0.82616 -0.10637 0.55251 0.02951
1413394985.605761 0.04616 -2.44921 0.76823 0.82472 -0.10221 0.55540 0.03041
1413394985.705760 0.14828 -2.46637 0.82607 0.82541 -0.08571 0.55572 0.05028
1413394985.805760 0.25457 -2.47774 0.87406 0.82536 -0.07092 0.55565 0.07069
1413394985.905761 0.36287 -2.48849 0.90573 0.82500 -0.06280 0.55561 0.08201
1413394986.005760 0.47174 -2.49419 0.92357 0.82442 -0.06098 0.55603 0.08626
1413394986.105761 0.58392 -2.49166 0.93517 0.82323 -0.06207 0.55735 0.08829
1413394986.205760 0.69783 -2.48284 0.94891 0.82189 -0.07505 0.55978 0.07428
1413394986.305760 0.81993 -2.47108 0.96735 0.82053 -0.09218 0.56158 0.05353
1413394986.405761 0.94311 -2.46211 0.99134 0.81946 -0.10270 0.56235 0.04119
1413394986.505760 1.06776 -2.45703 1.02154 0.81896 -0.10332 0.56285 0.04266
1413394986.605761 1.18652 -2.45335 1.05353 0.81994 -0.09348 0.56170 0.05867
1413394986.705760 1.31194 -2.45007 1.08500 0.82197 -0.07964 0.55851 0.07809
1413394986.805760 1.44013 -2.44302 1.11490 0.82122 -0.07048 0.55888 0.09100
1413394986.905761 1.57633 -2.42905 1.14533 0.81756 -0.07360 0.56434 0.08775
1413394987.005760 1.71305 -2.40946 1.17135 0.81243 -0.08474 0.57211 0.07401
1413394987.105761 1.84350 -2.38832 1.18527 0.80922 -0.09849 0.57649 0.05593
1413394987.205760 1.97696 -2.36760 1.19018 0.80656 -0.10692 0.57965 0.04516
1413394987.305760 2.11277 -2.35046 1.19312 0.80311 -0.10232 0.58451 0.05384
1413394987.405761 2.24621 -2.33275 1.19297 0.79948 -0.08559 0.58926 0.07917
1413394987.505760 2.37089 -2.31128 1.19127 0.79553 -0.07219 0.59340 0.09898
1413394987.605761 2.48270 -2.28145 1.19262 0.79084 -0.06521 0.59879 0.10849
1413394987.705760 2.59381 -2.23724 1.19887 0.78388 -0.06185 0.60745 0.11275
1413394987.805760 2.70038 -2.17841 1.20939 0.77673 -0.06120 0.61647 0.11361
1413394987.905761 2.79108 -2.10620 1.22491 0.77230 -0.06074 0.62166 0.11578
1413394988.005760 2.87052 -2.02185 1.24538 0.76678 -0.06187 0.62838 0.11553
1413394988.105761 2.94215 -1.92272 1.26606 0.76150 -0.06759 0.63532 0.10916
1413394988.205760 2.99749 -1.81184 1.28905 0.76125 -0.07981 0.63675 0.09313
1413394988.305760 3.02701 -1.69776 1.31369 0.76093 -0.10174 0.63678 0.07173
1413394988.405761 3.03959 -1.58510 1.33296 0.76120 -0.13277 0.63246 0.05423
1413394988.505760 3.04180 -1.47924 1.34382 0.76082 -0.16884 0.62469 0.04905
1413394988.605761 3.03622 -1.38083 1.34922 0.75887 -0.20459 0.61505 0.06304
1413394988.705760 3.02090 -1.29021 1.34838 0.75721 -0.23193 0.60330 0.09420
1413394988.805760 2.99212 -1.20699 1.34513 0.75311 -0.24925 0.59511 0.12861
1413394988.905761 2.93538 -1.13684 1.33096 0.74693 -0.25908 0.59179 0.15738
1413394989.005760 2.86615 -1.06791 1.31452 0.74440 -0.26232 0.58715 0.17975
1413394989.105761 2.79864 -0.99570 1.29588 0.74807 -0.26266 0.57776 0.19386
1413394989.205760 2.73248 -0.91368 1.27907 0.75284 -0.26375 0.56902 0.19970
1413394989.305760 2.66394 -0.83298 1.26642 0.75617 -0.26595 0.56494 0.19577
1413394989.405761 2.59435 -0.75038 1.25691 0.75825 -0.26921 0.56367 0.18670
1413394989.505760 2.52252 -0.66557 1.24880 0.75943 -0.27135 0.56392 0.17782
1413394989.605761 2.44449 -0.57620 1.23462 0.76102 -0.27323 0.56375 0.16846
1413394989.705760 2.37760 -0.50106 1.20994 0.76467 -0.27153 0.56344 0.15523
1413394989.805760 2.30904 -0.42006 1.17360 0.77150 -0.26241 0.56395 0.13376
1413394989.905761 2.23235 -0.34142 1.12741 0.78462 -0.24406 0.56011 0.10524
1413394990.005760 2.15810 -0.27093 1.07758 0.79877 -0.20863 0.55796 0.08441
1413394990.105761 2.09380 -0.22330 1.02686 0.81085 -0.15955 0.55871 0.07003
1413394990.205760 2.02849 -0.17233 0.96636 0.82024 -0.10795 0.55911 0.05437
1413394990.355761 1.93463 -0.09573 0.87155 0.82807 -0.03063 0.55905 0.02864
1413394990.405761 1.89000 -0.05301 0.83900 0.83007 -0.00843 0.55724 0.02009
1413394990.505760 1.83272 -0.00156 0.77749 0.83192 0.02298 0.55442 0.00028
1413394990.605761 1.78273 0.05475 0.72019 0.83312 0.03944 0.55138 -0.01809
1413394990.705760 1.74876 0.10798 0.66671 0.83402 0.04922 0.54881 -0.02834
1413394990.805760 1.72878 0.16109 0.61683 0.83393 0.05236 0.54836 -0.03356
1413394990.905761 1.71620 0.21516 0.57392 0.83392 0.05233 0.54834 -0.03397
1413394991.005760 1.70485 0.27282 0.53457 0.83328 0.04997 0.54965 -0.03192
1413394991.105761 1.69674 0.33046 0.50117 0.83255 0.04476 0.55124 -0.03152
1413394991.205760 1.69895 0.39056 0.47263 0.83055 0.03603 0.55474 -0.03388
1413394991.305760 1.71003 0.44852 0.44610 0.83067 0.02236 0.55535 -0.03265
1413394991.405761 1.72846 0.50265 0.42248 0.83118 0.00337 0.55542 -0.02540
1413394991.505760 1.75497 0.55071 0.40292 0.83021 -0.01935 0.55696 -0.01359
1413394991.605761 1.78320 0.60028 0.38473 0.82815 -0.04324 0.55882 0.00295
1413394991.705760 1.82020 0.64345 0.37053 0.82182 -0.06316 0.56571 0.02455
1413394991.805760 1.86051 0.68488 0.35701 0.81020 -0.08041 0.57914 0.04131
1413394991.905761 1.90170 0.72663 0.34291 0.79925 -0.09571 0.59137 0.04820
1413394992.005760 1.93940 0.76335 0.33062 0.79272 -0.11012 0.59740 0.05085
1413394992.105761 1.97055 0.79545 0.31795 0.79161 -0.12890 0.59527 0.04893
1413394992.205760 1.99649 0.82143 0.30800 0.79426 -0.14994 0.58685 0.04770
1413394992.305760 2.01821 0.83896 0.30153 0.79586 -0.16734 0.57920 0.05598
1413394992.405761 2.03570 0.84742 0.30031 0.79517 -0.17926 0.57421 0.07659
1413394992.505760 2.05040 0.84919 0.30256 0.79539 -0.18297 0.56772 0.10758
1413394992.605761 2.06528 0.85070 0.30724 0.79416 -0.18275 0.56373 0.13464
1413394992.705760 2.08118 0.85229 0.31101 0.78814 -0.18971 0.56822 0.14130
1413394992.805760 2.09925 0.85761 0.31320 0.78203 -0.20508 0.57256 0.13617
1413394992.905761 2.11092 0.86017 0.31894 0.77810 -0.22176 0.57296 0.13076
1413394993.005760 2.12153 0.86282 0.31778 0.77666 -0.23226 0.57091 0.13006
1413394993.105761 2.12907 0.86182 0.30694 0.77732 -0.23391 0.56774 0.13686
1413394993.205760 2.13495 0.85880 0.28576 0.77970 -0.23147 0.56343 0.14503
1413394993.305760 2.13948 0.85452 0.25636 0.78203 -0.22477 0.55999 0.15594
1413394993.405761 2.14381 0.85160 0.22207 0.78423 -0.21714 0.55730 0.16510
1413394993.505760 2.14905 0.85106 0.19119 0.78587 -0.21107 0.55562 0.17071
1413394993.605761 2.15822 0.85513 0.16022 0.78611 -0.20848 0.55612 0.17116
1413394993.705760 2.16888 0.86217 0.13107 0.78464 -0.21463 0.55691 0.16768
1413394993.805760 2.18064 0.87147 0.09539 0.77996 -0.23139 0.55782 0.16418
1413394993.905761 2.19193 0.87907 0.05405 0.77293 -0.25605 0.55655 0.16513
1413394994.005760 2.20179 0.88429 0.00668 0.76302 -0.28544 0.55473 0.16915
1413394994.105761 2.20992 0.88686 -0.03978 0.75218 -0.31394 0.55051 0.18057
1413394994.205760 2.21126 0.88493 -0.07182 0.73971 -0.33927 0.54570 0.19986
1413394994.305760 2.20567 0.87943 -0.09022 0.72860 -0.36105 0.53634 0.22612
1413394994.405761 2.19785 0.87167 -0.09714 0.72184 -0.37755 0.52031 0.25627
1413394994.505760 2.19280 0.86258 -0.09389 0.71657 -0.38752 0.50629 0.28288
1413394994.605761 2.18993 0.85786 -0.08739 0.71145 -0.39500 0.49757 0.30041
1413394994.705760 2.19183 0.85671 -0.07519 0.70714 -0.39931 0.49344 0.31149
1413394994.805760 2.19997 0.85969 -0.05512 0.70156 -0.40133 0.49559 0.31804
1413394994.905761 2.21354 0.86793 -0.03506 0.69688 -0.40414 0.50058 0.31694
1413394995.005760 2.23068 0.88073 -0.02646 0.69394 -0.40631 0.50567 0.31250
1413394995.105761 2.24963 0.89839 -0.03768 0.68895 -0.41342 0.51459 0.29937
1413394995.205760 2.26660 0.92038 -0.06711 0.68850 -0.42340 0.51751 0.28087
1413394995.305760 2.28053 0.94209 -0.10792 0.69800 -0.42943 0.50621 0.26857
1413394995.405761 2.29132 0.95870 -0.15015 0.70792 -0.43163 0.49333 0.26300
1413394995.505760 2.29916 0.96792 -0.19191 0.71376 -0.43039 0.48569 0.26347
1413394995.605761 2.30509 0.97249 -0.23108 0.71525 -0.42824 0.48388 0.26624
1413394995.705760 2.31623 0.97090 -0.26791 0.70955 -0.42380 0.49251 0.27271
1413394995.805760 2.32792 0.96716 -0.29992 0.70085 -0.42023 0.50485 0.27811
1413394995.905761 2.33903 0.96141 -0.32774 0.69494 -0.41872 0.51287 0.28051
1413394996.005760 2.34850 0.95430 -0.36924 0.69509 -0.41648 0.51011 0.28839
1413394996.105761 2.34908 0.95923 -0.35195 0.68820 -0.41289 0.51913 0.29395
1413394996.205760 2.34552 0.96340 -0.36290 0.69456 -0.42269 0.51327 0.27472
1413394996.305760 2.34860 0.96882 -0.35994 0.69161 -0.40486 0.51998 0.29560
1413394996.405761 2.34708 0.96869 -0.36598 0.69298 -0.40640 0.51788 0.29397
1413394996.505760 2.34717 0.97003 -0.36562 0.69600 -0.40480 0.51428 0.29536
1413394996.605761 2.34645 0.97106 -0.36650 0.69327 -0.40428 0.51804 0.29591
1413394996.705760 2.34683 0.97222 -0.36772 0.69459 -0.40521 0.51622 0.29473
1413394996.805760 2.34704 0.97261 -0.36768 0.69380 -0.40490 0.51725 0.29521
1413394996.905761 2.34683 0.97287 -0.36800 0.69383 -0.40504 0.51724 0.29496
1413394997.005760 2.34669 0.97263 -0.36771 0.69379 -0.40505 0.51741 0.29476
1413394997.105761 2.34676 0.97264 -0.36765 0.69359 -0.40502 0.51763 0.29488
1413394997.205760 2.34681 0.97259 -0.36778 0.69373 -0.40516 0.51747 0.29464
1413394997.305760 2.34673 0.97258 -0.36784 0.69365 -0.40507 0.51767 0.29459
1413394997.405761 2.34676 0.97260 -0.36793 0.69361 -0.40510 0.51768 0.29462
1413394997.505760 2.34680 0.97261 -0.36797 0.69362 -0.40508 0.51770 0.29461
1413394997.605761 2.34678 0.97263 -0.36803 0.69361 -0.40508 0.51773 0.29457
1413394997.705760 2.34678 0.97260 -0.36809 0.69364 -0.40513 0.51769 0.29448
1413394997.805760 2.34678 0.97264 -0.36814 0.69356 -0.40516 0.51775 0.29454
1413394997.905761 2.34678 0.97261 -0.36820 0.69357 -0.40519 0.51777 0.29445
1413394998.005760 2.34676 0.97261 -0.36823 0.69354 -0.40523 0.51780 0.29441
1413394998.105761 2.34679 0.97258 -0.36837 0.69346 -0.40516 0.51796 0.29441
1413394998.205760 2.34678 0.97259 -0.36845 0.69333 -0.40508 0.51819 0.29443
1413394998.305760 2.34674 0.97259 -0.36852 0.69330 -0.40510 0.51821 0.29442
