1403715529.012144 0.03579 0.03565 0.10370 0.81534 -0.03756 0.57635 0.04029
1403715529.112144 0.04370 0.04865 0.13015 0.81691 -0.03369 0.57480 0.03373
1403715529.212143 0.05073 0.06217 0.16005 0.81897 -0.02314 0.57285 0.02423
1403715529.312144 0.06035 0.07766 0.19644 0.82309 -0.00827 0.56769 0.01394
1403715529.412143 0.07233 0.09410 0.22679 0.82587 0.00919 0.56376 0.00520
1403715529.512144 0.08699 0.11185 0.25255 0.82494 0.02519 0.56465 -0.00360
1403715529.612144 0.10379 0.12863 0.26852 0.82378 0.03584 0.56570 -0.00965
1403715529.712143 0.12403 0.14862 0.28323 0.82162 0.04479 0.56814 -0.01242
1403715529.812144 0.14553 0.17094 0.29887 0.82067 0.05089 0.56892 -0.01560
1403715529.912143 0.16767 0.19438 0.32009 0.81963 0.05326 0.57009 -0.01907
1403715530.012144 0.19198 0.22077 0.34570 0.81587 0.05564 0.57516 -0.02126
1403715530.112144 0.21422 0.24837 0.37480 0.80946 0.06108 0.58375 -0.01693
1403715530.212143 0.23312 0.27946 0.40823 0.80954 0.06585 0.58325 -0.01114
1403715530.312144 0.24812 0.31584 0.45252 0.81317 0.06958 0.57782 -0.00607
1403715530.412143 0.25885 0.35677 0.50480 0.81545 0.06632 0.57491 -0.01111
1403715530.512144 0.26913 0.40572 0.57351 0.81640 0.06701 0.57317 -0.02177
1403715530.612144 0.27847 0.45556 0.63371 0.81645 0.07241 0.57200 -0.03142
1403715530.712143 0.28732 0.50842 0.68097 0.81534 0.07707 0.57244 -0.03983
1403715530.812144 0.29586 0.56399 0.72118 0.81471 0.08667 0.57109 -0.05082
1403715530.912143 0.30501 0.62159 0.75832 0.81346 0.09832 0.56987 -0.06211
1403715531.012144 0.31390 0.68094 0.79728 0.81578 0.11055 0.56337 -0.06997
1403715531.112144 0.32333 0.73717 0.82901 0.82640 0.11911 0.54512 -0.07557
1403715531.212143 0.33772 0.79570 0.85716 0.83574 0.12052 0.52880 -0.08586
1403715531.312144 0.36160 0.85389 0.88650 0.83113 0.11410 0.53421 -0.10400
1403715531.412143 0.39347 0.90816 0.91652 0.82217 0.11090 0.54654 -0.11417
1403715531.512144 0.43003 0.96055 0.93778 0.81499 0.11280 0.55635 -0.11639
1403715531.612144 0.46453 1.00881 0.94575 0.81274 0.11347 0.55886 -0.11937
1403715531.712143 0.50217 1.05281 0.94655 0.81284 0.11548 0.55825 -0.11969
1403715531.812144 0.54077 1.09075 0.94677 0.80862 0.12287 0.56462 -0.11067
1403715531.912143 0.57904 1.12198 0.95082 0.80167 0.12712 0.57449 -0.10550
1403715532.012144 0.61518 1.15211 0.95021 0.79654 0.12936 0.58169 -0.10210
1403715532.112144 0.64394 1.17882 0.94707 0.79417 0.13239 0.58486 -0.09853
1403715532.212143 0.66741 1.20515 0.94364 0.79285 0.13335 0.58636 -0.09895
1403715532.312144 0.68693 1.23021 0.94138 0.79253 0.13545 0.58519 -0.10535
1403715532.412143 0.69943 1.25482 0.93818 0.79548 0.13446 0.57951 -0.11532
1403715532.512144 0.70835 1.27542 0.93455 0.79780 0.13338 0.57439 -0.12569
1403715532.612144 0.71734 1.28890 0.93097 0.79841 0.12709 0.57145 -0.14081
1403715532.712143 0.72474 1.29232 0.92720 0.79629 0.11952 0.57191 -0.15672
1403715532.812144 0.73025 1.28692 0.92042 0.79441 0.11474 0.57286 -0.16608
1403715532.912143 0.73495 1.26941 0.91090 0.79500 0.10832 0.57295 -0.16726
1403715533.012144 0.74092 1.23978 0.89226 0.79870 0.09340 0.57186 -0.16224
1403715533.112144 0.74466 1.19762 0.86201 0.80313 0.07446 0.57168 -0.15042
1403715533.212143 0.74806 1.13857 0.83025 0.80033 0.05565 0.58287 -0.12896
1403715533.312144 0.74807 1.06602 0.81148 0.79650 0.03867 0.59402 -0.10598
1403715533.412143 0.73971 0.98591 0.80556 0.79841 0.02731 0.59517 -0.08703
1403715533.512144 0.72429 0.88983 0.81238 0.80533 0.01345 0.58786 -0.07541
1403715533.612144 0.70204 0.79063 0.83510 0.81112 -0.00386 0.57968 -0.07774
1403715533.712143 0.67613 0.68067 0.87276 0.81650 -0.01886 0.57110 -0.08255
1403715533.812144 0.64847 0.55715 0.92360 0.81962 -0.02594 0.56664 -0.08040
1403715533.912143 0.62371 0.42700 0.97265 0.82184 -0.02222 0.56526 -0.06762
1403715534.012144 0.59280 0.27581 1.01541 0.82269 -0.01565 0.56585 -0.05254
1403715534.112144 0.56143 0.12857 1.04158 0.82251 -0.00807 0.56743 -0.03781
1403715534.212143 0.53131 -0.02100 1.05434 0.82279 0.00122 0.56787 -0.02321
1403715534.312144 0.50571 -0.17073 1.05495 0.82303 0.00839 0.56777 -0.01360
1403715534.412143 0.48979 -0.31746 1.04314 0.82323 0.01106 0.56753 -0.00872
1403715534.512144 0.47149 -0.47472 1.02006 0.82346 0.00667 0.56734 -0.00191
1403715534.612144 0.45649 -0.62392 0.99462 0.82362 -0.00455 0.56710 0.00521
1403715534.712143 0.44096 -0.77141 0.96822 0.82461 -0.02043 0.56510 0.01608
1403715534.812144 0.42726 -0.91661 0.94026 0.82883 -0.04100 0.55712 0.03123
1403715534.912143 0.42195 -1.06000 0.90869 0.83266 -0.06299 0.54817 0.04704
1403715535.012144 0.41875 -1.19729 0.88187 0.83406 -0.08670 0.54069 0.06690
1403715535.112144 0.42445 -1.32402 0.85403 0.83643 -0.10549 0.53179 0.08036
1403715535.212143 0.44221 -1.44852 0.82405 0.84070 -0.12067 0.52075 0.08651
1403715535.312144 0.47104 -1.57081 0.79573 0.84363 -0.13199 0.51277 0.08903
1403715535.412143 0.51584 -1.69071 0.76918 0.84283 -0.14413 0.51200 0.08196
1403715535.512144 0.57060 -1.82156 0.74333 0.83361 -0.15783 0.52456 0.07092
1403715535.612144 0.63222 -1.95040 0.72122 0.82232 -0.15880 0.54198 0.06951
1403715535.712143 0.69520 -2.08343 0.69982 0.81653 -0.15100 0.55259 0.07153
1403715535.812144 0.75846 -2.21708 0.67947 0.81579 -0.13428 0.55780 0.07295
1403715535.912143 0.82485 -2.34414 0.65696 0.81995 -0.11037 0.55678 0.07414
1403715536.012144 0.89283 -2.47721 0.63293 0.82751 -0.08868 0.55008 0.06909
1403715536.112144 0.96145 -2.60075 0.61262 0.83517 -0.07377 0.54144 0.06244
1403715536.212143 1.03735 -2.71957 0.59510 0.84111 -0.06007 0.53427 0.05900
1403715536.312144 1.12385 -2.83325 0.58060 0.84420 -0.04632 0.53068 0.05972
1403715536.412143 1.21922 -2.93882 0.57310 0.84219 -0.03052 0.53442 0.06457
1403715536.512144 1.32961 -3.04096 0.56458 0.83684 -0.01464 0.54214 0.07468
1403715536.612144 1.44031 -3.12445 0.55968 0.83060 -0.00492 0.55101 0.08047
1403715536.712143 1.55620 -3.19415 0.55704 0.82168 0.00091 0.56387 0.08296
1403715536.812144 1.67319 -3.24741 0.55935 0.80835 0.00596 0.58311 0.08076
1403715536.912143 1.78007 -3.28348 0.56700 0.79667 0.01476 0.59827 0.08465
1403715537.012144 1.89171 -3.30511 0.57089 0.78318 0.02718 0.61373 0.09603
1403715537.112144 1.98298 -3.30247 0.57904 0.76617 0.03465 0.63333 0.10333
1403715537.212143 2.05659 -3.27651 0.59137 0.74689 0.03792 0.65530 0.10634
1403715537.312144 2.10638 -3.22591 0.60839 0.73454 0.02973 0.67139 0.09380
1403715537.412143 2.12816 -3.15584 0.62217 0.74230 0.01040 0.66666 0.06668
1403715537.512144 2.12615 -3.06925 0.64010 0.76813 -0.01301 0.63905 0.03772
1403715537.612144 2.10667 -2.98228 0.65929 0.79363 -0.02973 0.60736 0.01959
1403715537.712143 2.07868 -2.89588 0.68312 0.80314 -0.04062 0.59431 0.01057
1403715537.812144 2.04303 -2.81206 0.70987 0.79489 -0.04585 0.60496 0.00773
1403715537.912143 2.00039 -2.73396 0.73441 0.78711 -0.04769 0.61489 0.00903
1403715538.012144 1.94371 -2.65508 0.75596 0.79136 -0.04857 0.60937 0.00783
1403715538.112144 1.88050 -2.58489 0.77506 0.79783 -0.05502 0.60035 0.00420
1403715538.212143 1.81109 -2.52116 0.78952 0.80361 -0.06641 0.59143 0.00418
1403715538.312144 1.73745 -2.46321 0.79330 0.80455 -0.07952 0.58842 0.01150
1403715538.412143 1.66023 -2.41762 0.78983 0.79843 -0.09048 0.59476 0.02429
1403715538.512144 1.57324 -2.36895 0.78054 0.78542 -0.09943 0.60875 0.05143
1403715538.612144 1.48144 -2.32425 0.77346 0.77617 -0.11134 0.61584 0.07679
1403715538.712143 1.38066 -2.27831 0.76564 0.77349 -0.13110 0.61253 0.09658
1403715538.812144 1.27049 -2.23203 0.75582 0.77898 -0.15755 0.59604 0.11446
1403715538.912143 1.15710 -2.19368 0.74342 0.78235 -0.18587 0.57921 0.13379
1403715539.012144 1.03058 -2.14012 0.72455 0.77871 -0.22058 0.56536 0.15914
1403715539.112144 0.90861 -2.08687 0.69526 0.77061 -0.25653 0.55373 0.18367
1403715539.212143 0.78638 -2.03585 0.65370 0.75882 -0.29330 0.54351 0.20680
1403715539.312144 0.66408 -1.98290 0.60057 0.74958 -0.32781 0.52793 0.22795
1403715539.412143 0.54820 -1.93494 0.53867 0.74159 -0.35714 0.51226 0.24514
1403715539.512144 0.42888 -1.88023 0.48393 0.73186 -0.38106 0.50153 0.26006
1403715539.612144 0.32680 -1.83350 0.45024 0.72312 -0.40282 0.49746 0.25956
1403715539.712143 0.22728 -1.78667 0.43225 0.71301 -0.41670 0.50006 0.26062
1403715539.812144 0.12875 -1.74451 0.42994 0.70732 -0.42143 0.50196 0.26482
1403715539.912143 0.02909 -1.70203 0.43485 0.71083 -0.42252 0.49638 0.26422
1403715540.012144 -0.06641 -1.67233 0.46522 0.71967 -0.42566 0.48741 0.25162
1403715540.112144 -0.15576 -1.65269 0.49592 0.72855 -0.43304 0.47696 0.23279
1403715540.212143 -0.24496 -1.64590 0.53048 0.73237 -0.43826 0.47349 0.21765
1403715540.312144 -0.33451 -1.65295 0.56684 0.73247 -0.43431 0.47642 0.21881
1403715540.412143 -0.42255 -1.67340 0.60160 0.73692 -0.42396 0.47416 0.22887
1403715540.512144 -0.50971 -1.70458 0.63691 0.74571 -0.41507 0.46335 0.23860
1403715540.612144 -0.58739 -1.74601 0.66368 0.75340 -0.41438 0.44997 0.24125
1403715540.712143 -0.65658 -1.80056 0.68707 0.75362 -0.42381 0.44538 0.23254
1403715540.812144 -0.71760 -1.87054 0.70946 0.74728 -0.43301 0.45060 0.22593
1403715540.912143 -0.77065 -1.95474 0.73273 0.73976 -0.43482 0.46018 0.22786
1403715541.012144 -0.82366 -2.05334 0.75395 0.73400 -0.43088 0.46814 0.23756
1403715541.112144 -0.87207 -2.15830 0.77154 0.73292 -0.42597 0.47051 0.24495
1403715541.212143 -0.91592 -2.27233 0.78693 0.72679 -0.42893 0.47985 0.23988
1403715541.312144 -0.95894 -2.39519 0.80293 0.71444 -0.43240 0.49637 0.23711
1403715541.412143 -1.00336 -2.51958 0.81568 0.71107 -0.42796 0.49961 0.24824
1403715541.512144 -1.05287 -2.65688 0.82524 0.71965 -0.42580 0.48571 0.25473
1403715541.612144 -1.09810 -2.79233 0.83285 0.72906 -0.42683 0.47045 0.25490
1403715541.712143 -1.13769 -2.93358 0.84180 0.73683 -0.42154 0.45885 0.26236
1403715541.812144 -1.16911 -3.08017 0.85219 0.74118 -0.40495 0.45372 0.28426
1403715541.912143 -1.18855 -3.22417 0.86265 0.74224 -0.38674 0.45397 0.30565
1403715542.012144 -1.19597 -3.37621 0.87028 0.74655 -0.36798 0.45304 0.31939
1403715542.112144 -1.18467 -3.51431 0.87681 0.74782 -0.34773 0.46301 0.32476
1403715542.212143 -1.15656 -3.64402 0.88347 0.74567 -0.32685 0.48264 0.32281
1403715542.312144 -1.11394 -3.76171 0.89227 0.74230 -0.31018 0.50755 0.30851
1403715542.412143 -1.06496 -3.84782 0.90650 0.73838 -0.29700 0.53342 0.28645
1403715542.512144 -1.00817 -3.94291 0.91860 0.73097 -0.28486 0.56468 0.25627
1403715542.612144 -0.95818 -4.01886 0.92673 0.73351 -0.27513 0.57533 0.23506
1403715542.712143 -0.91620 -4.07749 0.93128 0.74163 -0.26891 0.57434 0.21865
1403715542.812144 -0.87991 -4.12273 0.93420 0.75003 -0.26329 0.56932 0.20977
1403715542.912143 -0.84811 -4.16007 0.93307 0.75672 -0.26271 0.56403 0.20055
1403715543.012144 -0.81808 -4.19504 0.92591 0.75797 -0.26670 0.56481 0.18797
1403715543.112144 -0.79440 -4.22448 0.91232 0.75591 -0.27024 0.56824 0.18076
1403715543.212143 -0.77516 -4.25246 0.89461 0.75232 -0.27236 0.57222 0.18001
1403715543.312144 -0.76285 -4.27707 0.87814 0.74758 -0.27580 0.57711 0.17888
1403715543.412143 -0.75896 -4.30014 0.86245 0.74627 -0.27649 0.57760 0.18171
1403715543.512144 -0.76157 -4.32008 0.84654 0.74708 -0.27340 0.57509 0.19078
1403715543.612144 -0.77205 -4.33483 0.83121 0.74308 -0.26970 0.57905 0.19949
1403715543.712143 -0.79064 -4.34375 0.81378 0.73771 -0.26251 0.58405 0.21392
1403715543.812144 -0.81769 -4.34301 0.79459 0.73324 -0.25831 0.58228 0.23789
1403715543.912143 -0.85238 -4.33242 0.77284 0.73051 -0.26233 0.57409 0.26069
1403715544.012144 -0.89053 -4.30059 0.74674 0.72854 -0.27754 0.55752 0.28527
1403715544.112144 -0.92791 -4.25399 0.71629 0.72319 -0.30608 0.54134 0.30043
1403715544.212143 -0.96404 -4.19393 0.67296 0.71164 -0.34850 0.52657 0.30795
1403715544.312144 -0.99920 -4.12484 0.61644 0.69435 -0.39414 0.51065 0.31901
1403715544.412143 -1.03384 -4.05543 0.54831 0.67401 -0.43793 0.49613 0.32831
1403715544.512144 -1.06704 -3.96924 0.46929 0.64963 -0.47804 0.48095 0.34372
1403715544.612144 -1.09602 -3.88345 0.40291 0.62996 -0.50573 0.46866 0.35742
1403715544.712143 -1.12215 -3.79377 0.35722 0.61583 -0.51942 0.46143 0.37154
1403715544.812144 -1.14858 -3.70006 0.33682 0.60533 -0.52211 0.46136 0.38486
1403715544.912143 -1.17197 -3.60326 0.34089 0.60143 -0.52274 0.46044 0.39118
1403715545.012144 -1.19850 -3.49080 0.36070 0.60478 -0.52707 0.45294 0.38895
1403715545.112144 -1.22197 -3.38177 0.38224 0.60564 -0.53347 0.44461 0.38850
1403715545.212143 -1.24607 -3.27187 0.39762 0.60228 -0.54294 0.43523 0.39123
1403715545.312144 -1.26962 -3.15661 0.39937 0.59560 -0.55529 0.42507 0.39526
1403715545.412143 -1.29057 -3.04563 0.39175 0.58407 -0.56856 0.42354 0.39523
1403715545.512144 -1.31292 -2.92459 0.38663 -0.56949 0.58427 -0.42933 -0.38728
1403715545.612144 -1.33678 -2.81275 0.39025 -0.55750 0.59613 -0.43530 -0.37992
1403715545.712143 -1.36815 -2.70033 0.39644 -0.55210 0.60087 -0.43959 -0.37538
1403715545.812144 -1.40717 -2.58917 0.40157 -0.55643 0.59790 -0.43896 -0.37444
1403715545.912143 -1.45188 -2.47818 0.40430 -0.56751 0.58687 -0.43866 -0.37562
1403715546.012144 -1.50626 -2.36036 0.41007 0.58822 -0.56551 0.43899 0.37614
1403715546.112144 -1.56023 -2.25254 0.41776 0.61138 -0.53978 0.44517 0.36970
1403715546.212143 -1.61113 -2.14532 0.42619 0.63514 -0.51141 0.45794 0.35405
1403715546.312144 -1.66065 -2.03886 0.43587 0.65924 -0.48126 0.47304 0.33170
1403715546.412143 -1.70482 -1.93475 0.44637 0.68204 -0.45036 0.48682 0.30822
1403715546.512144 -1.75581 -1.82530 0.46055 0.70603 -0.41470 0.50094 0.28036
1403715546.612144 -1.80354 -1.72276 0.47501 0.72827 -0.37787 0.51179 0.25477
1403715546.712143 -1.85152 -1.61954 0.48724 0.75376 -0.33961 0.51439 0.22785
1403715546.812144 -1.89280 -1.51560 0.49701 0.78197 -0.30459 0.50747 0.19552
1403715546.912143 -1.92587 -1.41677 0.50644 0.80114 -0.27266 0.50694 0.16382
1403715547.012144 -1.95939 -1.32970 0.52101 0.81831 -0.22769 0.50782 0.14364
1403715547.112144 -1.97939 -1.25331 0.53425 0.83059 -0.18572 0.51009 0.12424
1403715547.212143 -1.98948 -1.17743 0.54603 0.83895 -0.14410 0.51438 0.10396
1403715547.312144 -1.98640 -1.10402 0.55734 0.84533 -0.10345 0.51706 0.08586
1403715547.412143 -1.97135 -1.02894 0.56456 0.85087 -0.07099 0.51626 0.06675
1403715547.512144 -1.94656 -0.95160 0.57338 0.85796 -0.04026 0.51031 0.04322
1403715547.612144 -1.90820 -0.87547 0.57992 0.86214 -0.00729 0.50613 0.02196
1403715547.712143 -1.85759 -0.79270 0.58634 0.86379 0.02824 0.50305 0.00255
1403715547.812144 -1.79145 -0.70819 0.59237 0.86294 0.06249 0.50112 -0.01744
1403715547.912143 -1.70901 -0.62258 0.59501 0.85845 0.09219 0.50321 -0.03667
1403715548.012144 -1.61037 -0.52104 0.60224 0.84740 0.11633 0.51458 -0.05993
1403715548.112144 -1.50605 -0.42049 0.60955 0.83238 0.13279 0.53300 -0.07361
1403715548.212143 -1.39609 -0.32240 0.61280 0.82006 0.14369 0.54818 -0.07970
1403715548.312144 -1.28605 -0.21619 0.61661 0.81151 0.14997 0.55898 -0.08063
1403715548.412143 -1.17681 -0.11285 0.60687 0.80904 0.15158 0.56246 -0.07817
1403715548.512144 -1.06298 0.00318 0.58632 0.80987 0.14880 0.56206 -0.07787
1403715548.612144 -0.95543 0.11673 0.56461 0.81194 0.14128 0.56050 -0.08143
1403715548.712143 -0.85241 0.23162 0.54322 0.81321 0.13402 0.56017 -0.08327
1403715548.812144 -0.75268 0.34715 0.52471 0.81411 0.12804 0.56021 -0.08364
1403715548.912143 -0.65298 0.45841 0.50633 0.81402 0.12252 0.56175 -0.08249
1403715549.012144 -0.55422 0.57558 0.48739 0.81238 0.12324 0.56354 -0.08528
1403715549.112144 -0.46065 0.68831 0.47094 0.80703 0.12976 0.56854 -0.09293
1403715549.212143 -0.37511 0.79736 0.45603 0.79614 0.13742 0.58063 -0.10075
1403715549.312144 -0.28983 0.90790 0.44273 0.78588 0.14311 0.59186 -0.10774
1403715549.412143 -0.20966 1.01887 0.42895 0.78254 0.14062 0.59411 -0.12207
1403715549.512144 -0.13581 1.12505 0.41457 0.78627 0.13670 0.58644 -0.13851
1403715549.612144 -0.06919 1.21832 0.40000 0.79536 0.13243 0.57230 -0.14943
1403715549.712143 0.00115 1.30367 0.38616 0.80405 0.12020 0.56132 -0.15483
1403715549.812144 0.07089 1.37638 0.37537 0.80649 0.10113 0.56202 -0.15326
1403715549.912143 0.13899 1.43109 0.36604 0.80818 0.07644 0.56466 -0.14884
1403715550.012144 0.21373 1.47393 0.35859 0.81161 0.03954 0.56480 -0.14397
1403715550.112144 0.28361 1.49227 0.35374 0.81738 0.00636 0.56217 -0.12572
1403715550.212143 0.35370 1.48844 0.35882 0.82180 -0.01993 0.56162 -0.09397
1403715550.312144 0.42527 1.46872 0.37751 0.82527 -0.04510 0.55949 -0.06216
1403715550.412143 0.49033 1.43177 0.41061 0.82433 -0.06785 0.56110 -0.03238
1403715550.512144 0.57055 1.38562 0.44902 0.82060 -0.09395 0.56372 0.00347
1403715550.612144 0.64673 1.33341 0.48014 0.81653 -0.12404 0.56301 0.03032
1403715550.712143 0.72193 1.27608 0.49799 0.80984 -0.16011 0.56225 0.04890
1403715550.812144 0.79320 1.21081 0.50171 0.80082 -0.20025 0.56122 0.06006
1403715550.912143 0.85558 1.14078 0.49338 0.79116 -0.23770 0.55919 0.06982
1403715551.012144 0.92232 1.05136 0.47916 0.77982 -0.27493 0.55570 0.08649
1403715551.112144 0.97739 0.95141 0.47579 0.76944 -0.30163 0.55134 0.11402
1403715551.212143 1.02269 0.83872 0.48614 0.75718 -0.32962 0.54675 0.13817
1403715551.312144 1.05783 0.71505 0.50749 0.74062 -0.36237 0.54408 0.15538
1403715551.412143 1.08078 0.58519 0.52892 0.72398 -0.39443 0.53979 0.17002
1403715551.512144 1.09691 0.43487 0.55328 0.70418 -0.42573 0.53463 0.19250
1403715551.612144 1.09975 0.28247 0.57716 0.68616 -0.44821 0.52731 0.22414
1403715551.712143 1.08967 0.12517 0.60072 0.66552 -0.46460 0.52149 0.26322
1403715551.812144 1.06524 -0.02957 0.62415 0.64139 -0.48269 0.51711 0.29703
1403715551.912143 1.02907 -0.17130 0.64628 0.61342 -0.50034 0.51785 0.32436
1403715552.012144 0.98036 -0.31934 0.66921 0.58788 -0.51670 0.50905 0.35816
1403715552.112144 0.92357 -0.44623 0.68704 0.57276 -0.53366 0.48790 0.38615
1403715552.212143 0.86227 -0.56330 0.70254 0.55566 -0.55137 0.46833 0.40976
1403715552.312144 0.79685 -0.66360 0.71869 -0.53188 0.56465 -0.45332 -0.43906
1403715552.412143 0.72780 -0.74829 0.73126 -0.50891 0.58052 -0.43682 -0.46173
1403715552.512144 0.66100 -0.81436 0.74437 -0.47883 0.60210 -0.41625 -0.48470
1403715552.612144 0.60102 -0.85314 0.75514 0.44341 -0.62410 0.40035 0.50359
1403715552.712143 0.54128 -0.88563 0.76350 0.40497 -0.64887 0.38449 0.51685
1403715552.812144 0.48381 -0.89343 0.76920 0.36588 -0.67565 0.36336 0.52688
1403715552.912143 0.42560 -0.88173 0.76719 0.32833 -0.70153 0.34250 0.53174
1403715553.012144 0.36495 -0.85663 0.76848 0.28403 -0.73100 0.32172 0.53054
1403715553.112144 0.30364 -0.81194 0.76632 0.24214 -0.75347 0.30158 0.53170
1403715553.212143 0.23742 -0.74939 0.76247 0.20519 -0.76578 0.27546 0.54369
1403715553.312144 0.16758 -0.66834 0.75702 0.16676 -0.77077 0.25266 0.56059
1403715553.412143 0.09360 -0.57476 0.74787 0.13532 -0.76705 0.22515 0.58534
1403715553.512144 0.03124 -0.44775 0.73864 0.10523 -0.75785 0.18296 0.61735
1403715553.612144 -0.01534 -0.31430 0.72278 0.08065 -0.75352 0.14407 0.63636
1403715553.712143 -0.04539 -0.17038 0.70371 0.06515 -0.75638 0.11201 0.64117
1403715553.812144 -0.06162 -0.02075 0.68051 0.06141 -0.77562 0.08351 0.62263
1403715553.912143 -0.07159 0.12614 0.65666 0.06450 -0.79416 0.06249 0.60104
1403715554.012144 -0.06564 0.28475 0.63863 0.06608 -0.81466 0.04978 0.57400
1403715554.112144 -0.05920 0.43330 0.62206 0.06598 -0.83620 0.04752 0.54237
1403715554.212143 -0.06242 0.57896 0.60915 0.06821 -0.85386 0.04584 0.51398
1403715554.312144 -0.08300 0.71859 0.59931 -0.07551 0.86377 -0.04004 -0.49659
1403715554.412143 -0.12326 0.84951 0.58060 -0.09955 0.86209 -0.02011 -0.49648
1403715554.512144 -0.17456 0.96983 0.55563 0.15496 -0.83511 -0.02578 0.52717
1403715554.612144 -0.22626 1.05547 0.51802 0.20855 -0.79956 -0.07417 0.55831
1403715554.712143 -0.27347 1.10123 0.46793 0.24346 -0.77085 -0.10855 0.57856
1403715554.812144 -0.30411 1.12127 0.41508 0.26334 -0.74862 -0.12706 0.59504
1403715554.912143 -0.30969 1.08845 0.37832 0.26233 -0.73759 -0.12217 0.61010
1403715555.012144 -0.27884 0.96773 0.37055 0.23650 -0.73882 -0.09280 0.62418
1403715555.112144 -0.22086 0.80204 0.38837 0.18139 -0.76709 -0.02785 0.61473
1403715555.212143 -0.14691 0.61237 0.41346 0.12069 -0.79900 0.04671 0.58724
1403715555.312144 -0.07049 0.41797 0.43008 0.05871 -0.82383 0.12655 0.54940
1403715555.412143 -0.00521 0.24612 0.43818 0.03041 -0.82940 0.16196 0.53379
1403715555.512144 0.05521 0.08334 0.45734 0.03109 -0.82286 0.15872 0.54474
1403715555.612144 0.10446 -0.04409 0.48695 0.04542 -0.81597 0.14134 0.55871
1403715555.712143 0.15503 -0.15564 0.52470 0.06025 -0.81527 0.12626 0.56193
1403715555.812144 0.20408 -0.24922 0.57106 0.06163 -0.82043 0.13368 0.55247
1403715555.912143 0.24684 -0.32591 0.62524 0.05861 -0.82422 0.14498 0.54424
1403715556.012144 0.28707 -0.38473 0.69173 0.05502 -0.82863 0.15640 0.53468
1403715556.112144 0.31253 -0.42326 0.74696 0.04539 -0.83285 0.17348 0.52365
1403715556.212143 0.32128 -0.44612 0.79573 0.04265 -0.82785 0.17805 0.53023
1403715556.312144 0.31988 -0.44270 0.84302 0.04739 -0.82097 0.17521 0.54136
1403715556.412143 0.31125 -0.42068 0.88662 0.05584 -0.81747 0.17063 0.54727
1403715556.512144 0.29576 -0.37988 0.92496 0.07681 -0.81688 0.14940 0.55180
1403715556.612144 0.27576 -0.32813 0.94557 0.09998 -0.81744 0.12421 0.55350
1403715556.712143 0.25205 -0.26949 0.94965 0.11516 -0.82265 0.10907 0.54598
1403715556.812144 0.22383 -0.20873 0.94183 0.12924 -0.82387 0.09562 0.54349
1403715556.912143 0.19079 -0.15106 0.92818 0.14031 -0.82075 0.08469 0.54727
1403715557.012144 0.15394 -0.09542 0.91379 0.14573 -0.82199 0.07933 0.54479
1403715557.112144 0.11461 -0.04838 0.89814 0.14262 -0.83216 0.08398 0.52925
1403715557.212143 0.06697 -0.00638 0.88471 0.13679 -0.84362 0.09041 0.51130
1403715557.312144 0.00761 0.03126 0.87493 -0.13283 0.85128 -0.09289 -0.49906
1403715557.412143 -0.06508 0.06500 0.86503 -0.12975 0.85368 -0.09389 -0.49556
1403715557.512144 -0.15988 0.09621 0.85577 0.12965 -0.84531 0.09115 0.51023
1403715557.612144 -0.26101 0.12278 0.84552 0.13251 -0.83333 0.08436 0.52998
1403715557.712143 -0.36864 0.14428 0.83331 0.13576 -0.82243 0.07602 0.54717
1403715557.812144 -0.47863 0.15950 0.82137 0.13230 -0.81844 0.07509 0.55409
1403715557.912143 -0.58570 0.17110 0.81904 0.12473 -0.81973 0.07657 0.55373
1403715558.012144 -0.70302 0.17642 0.82975 0.11676 -0.82052 0.07720 0.55422
1403715558.112144 -0.81571 0.17772 0.85191 0.11212 -0.82197 0.07523 0.55330
1403715558.212143 -0.93092 0.17569 0.88230 0.11202 -0.82422 0.06966 0.55069
1403715558.312144 -1.04853 0.17029 0.91231 0.11759 -0.82273 0.05814 0.55309
1403715558.412143 -1.16297 0.16014 0.94163 0.12232 -0.81500 0.04987 0.56420
1403715558.512144 -1.28695 0.14166 0.96303 0.11657 -0.80153 0.05855 0.58355
1403715558.612144 -1.39795 0.12214 0.97287 0.10975 -0.78826 0.06897 0.60153
1403715558.712143 -1.50103 0.10295 0.96992 0.10587 -0.78301 0.07595 0.60821
1403715558.812144 -1.59463 0.08265 0.96055 0.11323 -0.78100 0.07880 0.60911
1403715558.912143 -1.67570 0.06055 0.95468 0.12962 -0.77863 0.07929 0.60881
1403715559.012144 -1.74969 0.03878 0.94854 0.15235 -0.77350 0.08178 0.60975
1403715559.112144 -1.80438 0.01516 0.94677 0.17296 -0.76898 0.09244 0.60845
1403715559.212143 -1.84375 -0.01171 0.94853 0.19408 -0.76310 0.10685 0.60713
1403715559.312144 -1.86953 -0.04077 0.95021 0.21796 -0.75589 0.11961 0.60565
1403715559.412143 -1.87973 -0.07392 0.94820 0.24180 -0.75174 0.12999 0.59961
1403715559.512144 -1.88271 -0.10969 0.94242 0.26447 -0.75733 0.13953 0.58055
1403715559.612144 -1.87707 -0.14772 0.92563 0.27275 -0.76642 0.15741 0.55985
1403715559.712143 -1.86559 -0.18874 0.89703 0.28310 -0.76848 0.16604 0.54929
1403715559.812144 -1.84973 -0.23484 0.86381 0.29838 -0.76456 0.17026 0.54536
1403715559.912143 -1.82833 -0.28331 0.82961 0.31526 -0.75916 0.17516 0.54186
1403715560.012144 -1.80461 -0.34250 0.79356 0.33970 -0.75039 0.17972 0.53779
1403715560.112144 -1.77582 -0.40652 0.76326 0.36142 -0.74231 0.18850 0.53181
1403715560.212143 -1.74018 -0.47971 0.74440 0.37694 -0.73680 0.20755 0.52150
1403715560.312144 -1.70068 -0.56027 0.73879 0.38886 -0.73233 0.23121 0.50894
1403715560.412143 -1.65949 -0.64438 0.74089 -0.40128 0.72569 -0.25037 -0.49966
1403715560.512144 -1.61564 -0.73775 0.74339 -0.41897 0.71625 -0.26647 -0.49035
1403715560.612144 -1.57360 -0.82941 0.74466 -0.43602 0.70590 -0.28111 -0.48226
1403715560.712143 -1.52884 -0.92521 0.74756 -0.45447 0.69345 -0.29541 -0.47467
1403715560.812144 -1.48321 -1.02461 0.75111 -0.47548 0.67817 -0.30707 -0.46872
1403715560.912143 -1.43598 -1.12631 0.75479 -0.49839 0.66191 -0.31355 -0.46386
1403715561.012144 -1.38307 -1.23648 0.75865 -0.52269 0.64312 -0.32659 -0.45446
1403715561.112144 -1.32820 -1.34332 0.76223 -0.54322 0.62670 -0.34329 -0.44081
1403715561.212143 -1.27022 -1.45385 0.76364 -0.55974 0.61276 -0.36181 -0.42463
1403715561.312144 -1.21055 -1.56642 0.76478 -0.56493 0.60689 -0.38546 -0.40493
1403715561.412143 -1.15200 -1.68054 0.76462 -0.56817 0.60248 -0.40435 -0.38821
1403715561.512144 -1.09740 -1.80183 0.76641 -0.57984 0.58801 -0.41514 -0.38169
1403715561.612144 -1.05036 -1.91523 0.77076 0.59422 -0.56851 0.42050 0.38323
1403715561.712143 -1.00395 -2.02830 0.77468 0.60767 -0.54661 0.42660 0.38724
1403715561.812144 -0.95529 -2.13729 0.77969 0.61882 -0.52389 0.43794 0.38834
1403715561.912143 -0.90387 -2.23992 0.78796 0.62851 -0.50273 0.45158 0.38511
1403715562.012144 -0.84911 -2.34309 0.79586 0.63597 -0.47627 0.47135 0.38280
1403715562.112144 -0.79623 -2.42984 0.80445 0.63888 -0.45427 0.48898 0.38258
1403715562.212143 -0.74261 -2.50179 0.81427 0.64132 -0.43679 0.49882 0.38614
1403715562.312144 -0.68860 -2.55584 0.82295 0.65054 -0.42634 0.49337 0.38938
1403715562.412143 -0.63299 -2.59319 0.82656 0.66501 -0.42448 0.47648 0.38800
1403715562.512144 -0.56169 -2.62316 0.83454 0.68257 -0.42271 0.45623 0.38375
1403715562.612144 -0.48141 -2.63897 0.84436 0.69398 -0.41053 0.45064 0.38311
1403715562.712143 -0.38976 -2.64014 0.85221 0.69894 -0.41491 0.45910 0.35855
1403715562.812144 -0.28926 -2.63619 0.85979 0.69918 -0.42346 0.47148 0.33097
1403715562.912143 -0.18553 -2.62880 0.86718 0.70079 -0.42648 0.48216 0.30746
1403715563.012144 -0.07212 -2.62142 0.87357 0.70605 -0.41891 0.49351 0.28714
1403715563.112144 0.03428 -2.61374 0.87823 0.71236 -0.39898 0.50623 0.27765
1403715563.212143 0.14061 -2.60418 0.88248 0.71894 -0.36973 0.52264 0.27070
1403715563.312144 0.24689 -2.58773 0.88549 0.72618 -0.33441 0.54261 0.25769
1403715563.412143 0.35053 -2.56421 0.88901 0.73669 -0.29817 0.55798 0.23883
1403715563.512144 0.44578 -2.53128 0.88685 0.75130 -0.25442 0.56905 0.21680
1403715563.612144 0.52595 -2.49191 0.87298 0.76202 -0.21304 0.57856 0.19799
1403715563.712143 0.59987 -2.44329 0.84895 0.76874 -0.17439 0.58797 0.18143
1403715563.812144 0.66860 -2.38469 0.81653 0.77199 -0.13982 0.59878 0.16109
1403715563.912143 0.73527 -2.31529 0.77501 0.77393 -0.11530 0.60935 0.12819
1403715564.012144 0.79355 -2.23155 0.72135 0.77847 -0.09087 0.61540 0.08377
1403715564.112144 0.83739 -2.14576 0.66847 0.78385 -0.06695 0.61609 0.03907
1403715564.212143 0.86879 -2.06081 0.61801 0.78705 -0.03886 0.61566 -0.00024
1403715564.312144 0.89029 -1.98072 0.57466 0.78967 -0.00201 0.61276 -0.03066
1403715564.412143 0.90207 -1.90649 0.54295 0.79378 0.03899 0.60427 -0.05701
1403715564.512144 0.90354 -1.83400 0.52222 0.80199 0.08909 0.58463 -0.08414
1403715564.612144 0.89926 -1.77200 0.51869 0.80292 0.13755 0.56986 -0.10794
1403715564.712143 0.89458 -1.71150 0.53151 0.79681 0.18494 0.56064 -0.12876
1403715564.812144 0.88841 -1.65228 0.55944 0.78581 0.23038 0.55410 -0.14967
1403715564.912143 0.87953 -1.59090 0.59469 0.77182 0.26880 0.55057 -0.17004
1403715565.012144 0.86835 -1.52618 0.65073 0.75231 0.30834 0.54902 -0.19374
1403715565.112144 0.84766 -1.46264 0.71317 0.73540 0.34357 0.54129 -0.21945
1403715565.212143 0.82092 -1.39941 0.77139 0.72069 0.37412 0.52710 -0.25059
1403715565.312144 0.78984 -1.33842 0.81815 0.70355 0.39983 0.51545 -0.28189
1403715565.412143 0.75707 -1.27466 0.85585 0.68310 0.42057 0.51067 -0.30938
1403715565.512144 0.71803 -1.22176 0.88149 0.65897 0.44361 0.50259 -0.34115
1403715565.612144 0.67504 -1.17977 0.90200 0.63477 0.47055 0.49087 -0.36700
1403715565.712143 0.62925 -1.14451 0.92628 0.60974 0.50045 0.47320 -0.39222
1403715565.812144 0.57924 -1.12245 0.95290 0.58258 0.53654 0.44970 -0.41291
1403715565.912143 0.52624 -1.10722 0.98144 0.55353 0.57184 0.42237 -0.43382
1403715566.012144 0.46899 -1.10160 1.01364 0.51424 0.60849 0.39248 -0.45963
1403715566.112144 0.41442 -1.10259 1.04498 0.47571 0.64082 0.36274 -0.48111
1403715566.212143 0.36314 -1.10981 1.07585 -0.43525 -0.66935 -0.33435 0.50073
1403715566.312144 0.31323 -1.12859 1.10336 -0.39413 -0.69420 -0.30433 0.51975
1403715566.412143 0.26272 -1.15231 1.12496 -0.35510 -0.71583 -0.27780 0.53322
1403715566.512144 0.22077 -1.18630 1.13895 -0.31186 -0.73394 -0.24822 0.54996
1403715566.612144 0.18191 -1.22497 1.14114 -0.27310 -0.74696 -0.22133 0.56434
1403715566.712143 0.14795 -1.27163 1.13279 -0.23182 -0.75962 -0.19538 0.57538
1403715566.812144 0.11952 -1.32834 1.12210 -0.18888 -0.77235 -0.16358 0.58398
1403715566.912143 0.09006 -1.39509 1.11365 -0.14653 -0.78090 -0.13016 0.59310
1403715567.012144 0.07179 -1.46923 1.10494 -0.09517 -0.78972 -0.08816 0.59959
1403715567.112144 0.06212 -1.54700 1.09543 -0.04616 -0.79742 -0.03967 0.60035
1403715567.212143 0.06141 -1.62858 1.08668 0.00745 -0.80134 0.00819 0.59810
1403715567.312144 0.06824 -1.71061 1.07669 0.06554 -0.80534 0.05332 0.58676
1403715567.412143 0.07583 -1.79329 1.05996 0.12590 -0.80395 0.08911 0.57435
1403715567.512144 0.09168 -1.87600 1.03560 0.19224 -0.79680 0.12626 0.55876
1403715567.612144 0.10881 -1.95844 0.99839 0.24890 -0.78354 0.16139 0.54596
1403715567.712143 0.13088 -2.04529 0.95277 0.30099 -0.76387 0.19715 0.53576
1403715567.812144 0.15627 -2.14036 0.90648 0.34828 -0.73842 0.23464 0.52761
1403715567.912143 0.18347 -2.23653 0.85832 0.39239 -0.71323 0.26593 0.51635
1403715568.012144 0.23184 -2.32963 0.81718 0.44113 -0.68129 0.29749 0.50273
1403715568.112144 0.27984 -2.41491 0.77963 -0.48007 0.64825 -0.32966 -0.49054
1403715568.212143 0.32914 -2.49522 0.74103 -0.51651 0.61464 -0.35992 -0.47528
1403715568.312144 0.38953 -2.56104 0.70627 -0.54980 0.58356 -0.39011 -0.45277
1403715568.412143 0.44957 -2.62334 0.67008 0.57883 -0.55357 0.41546 0.43117
1403715568.512144 0.52146 -2.67685 0.64306 0.61029 -0.51735 0.44060 0.40714
1403715568.612144 0.59088 -2.71803 0.62167 0.63874 -0.48194 0.46179 0.38276
1403715568.712143 0.66320 -2.75087 0.60474 0.66566 -0.44573 0.48053 0.35680
1403715568.812144 0.73725 -2.76686 0.59480 0.69086 -0.40902 0.49760 0.32834
1403715568.912143 0.81363 -2.77655 0.58407 0.71256 -0.37500 0.50948 0.30342
1403715569.012144 0.89350 -2.78484 0.57278 0.73557 -0.34298 0.51736 0.27135
1403715569.112144 0.97395 -2.78735 0.56089 0.75340 -0.31229 0.52430 0.24488
1403715569.212143 1.05564 -2.78498 0.54861 0.76666 -0.28493 0.53284 0.21711
1403715569.312144 1.13437 -2.77599 0.53999 0.77038 -0.25829 0.54874 0.19669
1403715569.412143 1.22022 -2.76771 0.53323 0.76872 -0.23560 0.56511 0.18497
1403715569.512144 1.29427 -2.74854 0.52840 0.76978 -0.20812 0.57821 0.17261
1403715569.612144 1.36278 -2.72319 0.52341 0.77480 -0.18168 0.58381 0.16073
1403715569.712143 1.42319 -2.68873 0.51859 0.78342 -0.15540 0.58419 0.14433
1403715569.812144 1.47695 -2.64501 0.51508 0.79156 -0.12808 0.58512 0.12110
1403715569.912143 1.53788 -2.59483 0.51236 0.79606 -0.10021 0.58893 0.09693
1403715570.012144 1.58357 -2.53537 0.51306 0.79701 -0.06437 0.59641 0.07017
1403715570.112144 1.62492 -2.47278 0.51152 0.79718 -0.02898 0.60142 0.04428
1403715570.212143 1.65851 -2.40624 0.50870 0.79663 0.00732 0.60418 0.01695
1403715570.312144 1.68370 -2.33472 0.50465 0.79404 0.04533 0.60606 -0.01171
1403715570.412143 1.70128 -2.25902 0.49871 0.78873 0.08324 0.60782 -0.03917
1403715570.512144 1.70523 -2.17397 0.49157 0.78038 0.12535 0.60819 -0.07350
1403715570.612144 1.69609 -2.09190 0.48226 0.77043 0.16863 0.60606 -0.10342
1403715570.712143 1.67475 -2.01094 0.46690 0.76580 0.21076 0.59227 -0.13549
1403715570.812144 1.64425 -1.92900 0.45339 0.75687 0.25421 0.57869 -0.16626
1403715570.912143 1.60634 -1.84997 0.43984 0.74606 0.29356 0.56485 -0.19536
1403715571.012144 1.55550 -1.76890 0.42439 0.73597 0.33294 0.54534 -0.22383
1403715571.112144 1.50021 -1.69510 0.40941 0.72715 0.35755 0.53055 -0.24883
1403715571.212143 1.44681 -1.61857 0.39498 0.71599 0.36929 0.52689 -0.27087
1403715571.312144 1.38618 -1.55316 0.38554 0.70081 0.37657 0.53522 -0.28390
1403715571.412143 1.32210 -1.49027 0.37340 0.69357 0.38011 0.53971 -0.28843
1403715571.512144 1.25120 -1.44213 0.36419 0.69922 0.38681 0.52888 -0.28592
1403715571.612144 1.18086 -1.40162 0.35013 0.71514 0.38457 0.50537 -0.29205
1403715571.712143 1.11030 -1.36313 0.32321 0.73810 0.37134 0.47084 -0.30923
1403715571.812144 1.04984 -1.32817 0.28684 0.76273 0.35852 0.43105 -0.32233
1403715571.912143 1.00514 -1.29362 0.24570 0.78106 0.35048 0.40127 -0.32572
1403715572.012144 0.99969 -1.27470 0.21147 0.79615 0.35208 0.37525 -0.31838
1403715572.112144 1.01993 -1.24386 0.18161 0.80049 0.36791 0.36920 -0.29590
1403715572.212143 1.06793 -1.19698 0.15450 0.78711 0.39577 0.38860 -0.26985
1403715572.312144 1.13569 -1.13292 0.13263 0.75082 0.42807 0.43370 -0.25480
1403715572.412143 1.20754 -1.05920 0.11449 0.70969 0.45177 0.47501 -0.25809
1403715572.512144 1.27741 -0.96733 0.08717 0.67414 0.46963 0.49943 -0.27486
1403715572.612144 1.33338 -0.87701 0.06060 0.65234 0.48511 0.50201 -0.29515
1403715572.712143 1.37629 -0.78349 0.03425 0.63345 0.50465 0.49592 -0.31326
1403715572.812144 1.40264 -0.69067 0.01513 0.62017 0.52613 0.48015 -0.32867
1403715572.912143 1.41423 -0.60297 0.00960 0.60873 0.54243 0.46192 -0.34907
1403715573.012144 1.41952 -0.50574 0.01590 0.59137 0.55872 0.44610 -0.37297
1403715573.112144 1.41557 -0.41568 0.03419 0.57379 0.57424 0.42973 -0.39541
1403715573.212143 1.40587 -0.33102 0.06173 0.55652 0.59097 0.41072 -0.41515
1403715573.312144 1.39068 -0.25310 0.08715 0.53958 0.60895 0.38884 -0.43224
1403715573.412143 1.37532 -0.18093 0.10665 0.52382 0.62613 0.36705 -0.44592
1403715573.512144 1.35748 -0.10796 0.12839 0.50911 0.64192 0.33733 -0.46364
1403715573.612144 1.34673 -0.03693 0.14910 0.49143 0.65816 0.31429 -0.47596
1403715573.712143 1.34038 0.03570 0.16880 0.46655 0.68058 0.30148 -0.47776
1403715573.812144 1.33401 0.10870 0.18735 0.44046 0.70577 0.28886 -0.47376
1403715573.912143 1.32327 0.18036 0.20702 0.41570 0.72861 0.27282 -0.47106
1403715574.012144 1.30520 0.26090 0.22644 0.38746 0.75033 0.24843 -0.47451
1403715574.112144 1.28211 0.34389 0.24621 0.35734 0.76960 0.22159 -0.48055
1403715574.212143 1.25131 0.43289 0.26817 0.32201 0.78278 0.19910 -0.49389
1403715574.312144 1.21434 0.52857 0.29202 -0.27709 -0.78983 -0.19075 0.51285
1403715574.412143 1.17609 0.62317 0.31458 -0.23349 -0.79528 -0.19178 0.52558
1403715574.512144 1.12955 0.71943 0.33173 -0.19831 -0.80072 -0.19412 0.53088
1403715574.612144 1.07665 0.80250 0.34416 -0.17634 -0.80713 -0.19043 0.53027
1403715574.712143 1.01647 0.87376 0.35407 -0.15946 -0.81348 -0.18280 0.52859
1403715574.812144 0.94799 0.93505 0.36382 -0.15210 -0.81774 -0.16577 0.52980
1403715574.912143 0.87514 0.98229 0.37573 -0.15607 -0.81751 -0.14436 0.53524
1403715575.012144 0.78764 1.03338 0.39192 -0.15875 -0.81166 -0.13126 0.54660
1403715575.112144 0.70302 1.07519 0.41020 -0.15728 -0.80372 -0.13168 0.55853
1403715575.212143 0.61956 1.11068 0.43190 -0.15432 -0.78816 -0.13953 0.57924
1403715575.312144 0.54175 1.13431 0.45165 -0.15177 -0.77845 -0.15235 0.58972
1403715575.412143 0.47013 1.15111 0.46582 -0.16040 -0.78458 -0.15324 0.57899
1403715575.512144 0.39466 1.16067 0.48393 -0.16661 -0.79182 -0.15954 0.56552
1403715575.612144 0.32286 1.16080 0.50761 -0.16010 -0.79004 -0.18198 0.56311
1403715575.712143 0.25260 1.14762 0.53076 -0.15321 -0.78662 -0.20343 0.56247
1403715575.812144 0.17937 1.11762 0.55324 -0.15324 -0.78676 -0.21339 0.55856
1403715575.912143 0.10847 1.07126 0.57149 -0.15960 -0.78746 -0.21127 0.55660
1403715576.012144 0.01906 1.00708 0.59106 -0.17626 -0.78789 -0.19230 0.55784
1403715576.112144 -0.06410 0.93344 0.60724 -0.18782 -0.78711 -0.17810 0.55987
1403715576.212143 -0.14845 0.85265 0.62211 -0.19649 -0.78512 -0.16641 0.56328
1403715576.312144 -0.22983 0.76754 0.63787 -0.19819 -0.78206 -0.16268 0.56801
1403715576.412143 -0.30747 0.68263 0.65782 -0.19446 -0.77363 -0.16518 0.58000
1403715576.512144 -0.38274 0.58277 0.68203 -0.18953 -0.76201 -0.16860 0.59581
1403715576.612144 -0.44438 0.47915 0.70527 -0.18687 -0.75121 -0.17627 0.60803
1403715576.712143 -0.49243 0.36583 0.72722 -0.18894 -0.74884 -0.18376 0.60808
1403715576.812144 -0.52675 0.24338 0.75004 -0.19897 -0.75375 -0.18724 0.59767
1403715576.912143 -0.55448 0.11662 0.76944 -0.21077 -0.76361 -0.18838 0.58051
1403715577.012144 -0.57705 -0.02869 0.79327 -0.22546 -0.76918 -0.18702 0.56794
1403715577.112144 -0.59605 -0.17166 0.81584 -0.24564 -0.76759 -0.17983 0.56403
1403715577.212143 -0.61279 -0.31450 0.83446 -0.26526 -0.76343 -0.17503 0.56229
1403715577.312144 -0.62590 -0.45296 0.83400 -0.27620 -0.75989 -0.17687 0.56125
1403715577.412143 -0.63669 -0.58483 0.81236 -0.27831 -0.75887 -0.18517 0.55890
1403715577.512144 -0.64086 -0.72497 0.78167 -0.27898 -0.75876 -0.19120 0.55668
1403715577.612144 -0.64247 -0.85783 0.75793 -0.27995 -0.75899 -0.19334 0.55514
1403715577.712143 -0.64132 -0.99169 0.74782 -0.28259 -0.75918 -0.19123 0.55428
1403715577.812144 -0.63599 -1.12438 0.74736 -0.28989 -0.75674 -0.18357 0.55642
1403715577.912143 -0.62647 -1.24864 0.73910 -0.30216 -0.75252 -0.17800 0.55743
1403715578.012144 -0.60899 -1.37648 0.71641 -0.32212 -0.74761 -0.17366 0.55421
1403715578.112144 -0.58571 -1.49206 0.67970 -0.34999 -0.74367 -0.16539 0.54509
1403715578.212143 -0.55460 -1.59609 0.63280 -0.38595 -0.73772 -0.15523 0.53171
1403715578.312144 -0.51446 -1.67976 0.58651 -0.40959 -0.72778 -0.17284 0.52221
1403715578.412143 -0.46697 -1.74017 0.54415 -0.42790 -0.71758 -0.19956 0.51201
1403715578.512144 -0.40932 -1.80267 0.49673 0.44725 0.71210 0.23006 -0.48985
1403715578.612144 -0.35283 -1.85583 0.44770 0.46461 0.71897 0.25189 -0.45142
1403715578.712143 -0.29864 -1.89094 0.39750 0.48096 0.72876 0.26014 -0.41220
1403715578.812144 -0.25344 -1.90645 0.34897 0.49450 0.73161 0.26271 -0.38884
1403715578.912143 -0.21759 -1.90070 0.30370 0.49884 0.72890 0.27034 -0.38313
1403715579.012144 -0.19413 -1.87457 0.26351 0.48606 0.72304 0.29750 -0.39044
1403715579.112144 -0.18752 -1.83026 0.23621 0.46220 0.72026 0.33321 -0.39569
1403715579.212143 -0.20333 -1.77609 0.22502 0.43259 0.71608 0.37173 -0.40238
1403715579.312144 -0.24385 -1.72244 0.22216 0.41772 0.70919 0.39143 -0.41151
1403715579.412143 -0.30515 -1.67603 0.21826 0.41691 0.70713 0.39389 -0.41353
1403715579.512144 -0.39019 -1.63259 0.20953 0.42686 0.70629 0.38229 -0.41568
1403715579.612144 -0.49151 -1.59618 0.20126 0.43912 0.70443 0.36583 -0.42086
1403715579.712143 -0.60840 -1.56220 0.19769 0.44175 0.69951 0.35905 -0.43200
1403715579.812144 -0.73684 -1.53117 0.20030 0.43922 0.69561 0.35760 -0.44196
1403715579.912143 -0.86902 -1.50549 0.21399 0.43591 0.69369 0.36191 -0.44475
1403715580.012144 -1.02368 -1.48304 0.23264 0.44638 0.68386 0.36016 -0.45096
1403715580.112144 -1.17493 -1.46637 0.24207 0.46374 0.66940 0.36261 -0.45316
1403715580.212143 -1.32798 -1.45404 0.23887 0.48487 0.65256 0.36875 -0.45066
1403715580.312144 -1.48281 -1.44574 0.22797 0.50817 0.63348 0.37643 -0.44583
1403715580.412143 -1.62917 -1.44282 0.21738 0.53376 0.61084 0.38103 -0.44361
1403715580.512144 -1.78892 -1.44268 0.20769 0.56155 0.58594 0.38399 -0.44033
1403715580.612144 -1.93612 -1.44594 0.19971 0.58481 0.56751 0.38004 -0.43760
1403715580.712143 -2.07446 -1.45071 0.19085 0.60695 0.55162 0.36883 -0.43737
1403715580.812144 -2.19909 -1.45417 0.18341 0.62508 0.53786 0.35640 -0.43926
1403715580.912143 -2.30759 -1.45333 0.17639 0.64297 0.52401 0.33809 -0.44463
1403715581.012144 -2.39028 -1.45024 0.17529 0.65653 0.51745 0.32190 -0.44453
1403715581.112144 -2.44270 -1.43977 0.17737 0.66176 0.52472 0.31727 -0.43137
1403715581.212143 -2.47271 -1.41936 0.18388 0.65786 0.53383 0.32898 -0.41714
1403715581.312144 -2.48504 -1.38929 0.19171 0.64961 0.53608 0.34202 -0.41672
1403715581.412143 -2.48287 -1.35230 0.20062 0.63790 0.54245 0.34806 -0.42153
1403715581.512144 -2.46469 -1.30859 0.20596 0.61430 0.56221 0.35930 -0.42126
1403715581.612144 -2.43868 -1.25904 0.20234 0.58287 0.58795 0.37253 -0.41928
1403715581.712143 -2.41049 -1.20757 0.18680 0.55031 0.61495 0.37810 -0.41956
1403715581.812144 -2.38620 -1.15521 0.16784 0.51440 0.64375 0.37985 -0.42034
1403715581.912143 -2.37378 -1.10526 0.15869 0.48475 0.66649 0.37215 -0.42698
1403715582.012144 -2.36756 -1.05110 0.16068 0.46119 0.67910 0.35206 -0.44965
1403715582.112144 -2.36997 -1.00350 0.17512 0.43745 0.68049 0.33989 -0.47963
1403715582.212143 -2.37494 -0.96150 0.18784 -0.41726 -0.68053 -0.33191 0.50260
1403715582.312144 -2.38164 -0.92730 0.18692 -0.40777 -0.68901 -0.32255 0.50493
1403715582.412143 -2.38912 -0.90120 0.17627 0.40625 0.70029 0.31398 -0.49596
1403715582.512144 -2.39881 -0.87611 0.16670 0.40933 0.71255 0.30471 -0.48153
1403715582.612144 -2.41339 -0.85482 0.16790 0.41407 0.71921 0.29911 -0.47098
1403715582.712143 -2.43411 -0.83359 0.18033 0.42036 0.72194 0.29646 -0.46283
1403715582.812144 -2.46059 -0.81044 0.18998 0.42796 0.72284 0.29567 -0.45491
1403715582.912143 -2.49022 -0.78428 0.18510 0.43684 0.72557 0.29316 -0.44358
1403715583.012144 -2.53058 -0.74810 0.17069 0.44669 0.72874 0.28950 -0.43080
1403715583.112144 -2.57940 -0.70353 0.14644 0.45260 0.72686 0.28998 -0.42748
1403715583.212143 -2.63574 -0.64880 0.12317 0.44993 0.71166 0.30190 -0.44718
1403715583.312144 -2.69742 -0.59019 0.10102 0.44587 0.69017 0.31272 -0.47652
1403715583.412143 -2.75622 -0.53436 0.07957 -0.44125 -0.66917 -0.32056 0.50473
1403715583.512144 -2.81752 -0.47854 0.05242 -0.43381 -0.65121 -0.32855 0.52895
1403715583.612144 -2.86656 -0.43788 0.02753 -0.42165 -0.63142 -0.33990 0.55497
1403715583.712143 -2.90519 -0.41465 0.00290 -0.40200 -0.60768 -0.35929 0.58312
1403715583.812144 -2.92973 -0.41759 -0.02036 -0.38401 -0.58873 -0.37503 0.60439
1403715583.912143 -2.93481 -0.45448 -0.03268 -0.37736 -0.57986 -0.37780 0.61532
1403715584.012144 -2.91705 -0.53718 -0.02745 -0.38478 -0.58175 -0.36427 0.61711
1403715584.112144 -2.87179 -0.65461 -0.00296 -0.40263 -0.59503 -0.34077 0.60638
1403715584.212143 -2.80565 -0.79639 0.03736 -0.42577 -0.61813 -0.31192 0.58253
1403715584.312144 -2.71949 -0.95286 0.08509 -0.44766 -0.64874 -0.28324 0.54636
1403715584.412143 -2.62565 -1.10454 0.11687 -0.46061 -0.67059 -0.26355 0.51835
1403715584.512144 -2.51524 -1.26679 0.13453 0.46606 0.68627 0.25519 -0.49668
1403715584.612144 -2.40423 -1.41073 0.14577 0.46761 0.69524 0.25285 -0.48379
1403715584.712143 -2.29229 -1.54307 0.15911 0.46130 0.70683 0.26252 -0.46763
1403715584.812144 -2.17418 -1.65635 0.17339 0.45276 0.71764 0.27279 -0.45342
1403715584.912143 -2.06842 -1.75568 0.18748 0.44869 0.72466 0.27925 -0.44223
1403715585.012144 -1.96413 -1.85309 0.20374 0.44556 0.73662 0.28429 -0.42196
1403715585.112144 -1.88331 -1.93508 0.21681 0.45381 0.74369 0.27683 -0.40541
1403715585.212143 -1.81609 -2.00123 0.23185 0.46031 0.74702 0.26982 -0.39658
1403715585.312144 -1.76504 -2.04459 0.25104 0.45789 0.74318 0.27348 -0.40401
1403715585.412143 -1.72463 -2.07333 0.27358 0.44922 0.73719 0.28346 -0.41761
1403715585.512144 -1.69520 -2.09214 0.29348 0.43965 0.73174 0.29281 -0.43073
1403715585.612144 -1.68084 -2.10166 0.31108 0.43004 0.72641 0.30222 -0.44278
1403715585.712143 -1.67753 -2.10517 0.32335 0.42528 0.72475 0.30570 -0.44770
1403715585.812144 -1.68264 -2.10417 0.32393 0.42624 0.72384 0.30238 -0.45048
1403715585.912143 -1.69794 -2.09880 0.30201 0.43482 0.72020 0.29017 -0.45612
1403715586.012144 -1.71585 -2.08814 0.27030 0.45100 0.71080 0.26899 -0.46797
1403715586.112144 -1.73379 -2.06668 0.25010 0.45944 0.69411 0.25990 -0.48947
1403715586.212143 -1.74555 -2.03721 0.24304 -0.45149 -0.68174 -0.27318 0.50671
1403715586.312144 -1.75012 -2.00933 0.24264 -0.43435 -0.68043 -0.29857 0.50913
1403715586.412143 -1.74910 -1.98508 0.24435 -0.41622 -0.68138 -0.32351 0.50776
1403715586.512144 -1.74886 -1.96469 0.24286 -0.40325 -0.67960 -0.33972 0.51002
1403715586.612144 -1.74978 -1.95720 0.24280 -0.39942 -0.67751 -0.34405 0.51292
1403715586.712143 -1.75152 -1.96092 0.24185 -0.40355 -0.67911 -0.33927 0.51074
1403715586.812144 -1.75372 -1.97510 0.24137 -0.41769 -0.68431 -0.32228 0.50338
1403715586.912143 -1.75656 -1.99661 0.23846 0.43235 0.69144 0.30524 -0.49175
1403715587.012144 -1.75937 -2.02047 0.24380 0.44115 0.69572 0.29674 -0.48302
1403715587.112144 -1.76237 -2.04118 0.25101 0.44348 0.69510 0.29593 -0.48227
1403715587.212143 -1.76339 -2.05970 0.26256 0.43499 0.69124 0.30703 -0.48857
1403715587.312144 -1.76685 -2.07975 0.27690 0.42677 0.68826 0.31421 -0.49542
1403715587.412143 -1.77038 -2.10156 0.29320 -0.42652 -0.68451 -0.30747 0.50496
1403715587.512144 -1.77041 -2.12787 0.30988 -0.43412 -0.68016 -0.29453 0.51203
1403715587.612144 -1.76545 -2.15514 0.32666 -0.44988 -0.67263 -0.28287 0.51493
1403715587.712143 -1.75177 -2.18308 0.34372 -0.47073 -0.66444 -0.27801 0.50955
1403715587.812144 -1.72622 -2.20832 0.36321 0.49307 0.65290 0.28406 -0.49992
1403715587.912143 -1.68596 -2.22173 0.38011 0.51333 0.63758 0.30213 -0.48857
1403715588.012144 -1.63651 -2.24423 0.40227 0.53108 0.61600 0.33612 -0.47489
1403715588.112144 -1.58059 -2.26677 0.41947 0.54597 0.59246 0.37047 -0.46224
1403715588.212143 -1.51946 -2.29267 0.41996 0.56153 0.56658 0.40197 -0.44955
1403715588.312144 -1.45751 -2.32355 0.39545 0.58128 0.53942 0.42485 -0.43663
1403715588.412143 -1.39555 -2.35854 0.36033 0.60035 0.51552 0.44208 -0.42235
1403715588.512144 -1.32763 -2.40997 0.32186 0.62037 0.49186 0.45799 -0.40430
1403715588.612144 -1.26207 -2.46823 0.28655 0.64025 0.47062 0.46865 -0.38597
1403715588.712143 -1.19589 -2.53512 0.25087 0.66326 0.45400 0.47151 -0.36282
1403715588.812144 -1.12904 -2.60805 0.21538 0.68742 0.44114 0.47066 -0.33366
1403715588.912143 -1.06384 -2.67793 0.17697 0.71201 0.43244 0.46518 -0.29939
1403715589.012144 -0.98821 -2.74925 0.13670 0.73793 0.42152 0.45686 -0.26280
1403715589.112144 -0.91232 -2.80487 0.10574 0.75717 0.40567 0.45359 -0.23745
1403715589.212143 -0.83119 -2.84215 0.08878 0.77048 0.38879 0.45469 -0.22013
1403715589.312144 -0.74299 -2.85824 0.08434 0.78224 0.37233 0.45559 -0.20471
1403715589.412143 -0.64337 -2.86408 0.08878 0.79499 0.35751 0.45146 -0.19070
1403715589.512144 -0.54002 -2.85048 0.10427 0.80842 0.33926 0.44793 -0.17526
1403715589.612144 -0.42638 -2.81921 0.12197 0.81648 0.32847 0.44609 -0.16268
1403715589.712143 -0.30106 -2.76429 0.15345 0.81757 0.31984 0.45185 -0.15850
1403715589.812144 -0.15908 -2.69054 0.20606 0.80215 0.31239 0.48149 -0.16470
1403715589.912143 -0.01940 -2.60501 0.26848 0.78149 0.30409 0.51449 -0.17914
1403715590.012144 0.13878 -2.50799 0.32865 0.76640 0.29673 0.53618 -0.19262
1403715590.112144 0.28423 -2.41316 0.37988 0.75931 0.29687 0.54464 -0.19667
1403715590.212143 0.42572 -2.31808 0.42374 0.75908 0.30298 0.54217 -0.19507
1403715590.312144 0.55896 -2.22129 0.46677 0.75671 0.31748 0.53818 -0.19223
1403715590.412143 0.67724 -2.12177 0.50856 0.74893 0.34047 0.53644 -0.18821
1403715590.512144 0.79993 -2.00411 0.55082 0.73568 0.37027 0.53394 -0.19126
1403715590.612144 0.90479 -1.88284 0.58974 0.72183 0.40195 0.52725 -0.19852
1403715590.712143 0.99842 -1.75325 0.62511 0.71539 0.42558 0.50760 -0.22235
1403715590.812144 1.07870 -1.61490 0.66014 0.70483 0.44408 0.49023 -0.25627
1403715590.912143 1.14821 -1.47632 0.69832 0.68666 0.46340 0.48067 -0.28761
1403715591.012144 1.21812 -1.32412 0.73588 0.66396 0.49236 0.46718 -0.31380
1403715591.112144 1.27832 -1.17882 0.76868 0.64138 0.52404 0.45003 -0.33390
1403715591.212143 1.33317 -1.03313 0.80025 0.61300 0.56056 0.43497 -0.34757
1403715591.312144 1.37792 -0.88598 0.82802 0.57980 0.59741 0.42290 -0.35788
1403715591.412143 1.40833 -0.74525 0.85473 0.54926 0.62710 0.40884 -0.37136
1403715591.512144 1.43227 -0.58385 0.87735 0.51771 0.65570 0.38924 -0.38797
1403715591.612144 1.44054 -0.43131 0.89103 0.49123 0.67888 0.36513 -0.40559
1403715591.712143 1.43964 -0.27536 0.89232 0.46241 0.69773 0.34564 -0.42413
1403715591.812144 1.42700 -0.11935 0.88079 0.43235 0.71479 0.33144 -0.43852
1403715591.912143 1.40501 0.02606 0.85727 0.40500 0.72994 0.31798 -0.44951
1403715592.012144 1.37081 0.18868 0.82269 0.36953 0.74795 0.30854 -0.45697
1403715592.112144 1.32401 0.33629 0.77834 0.33381 0.76397 0.29920 -0.46412
1403715592.212143 1.26111 0.47143 0.73843 0.29477 0.77323 0.28852 -0.48165
1403715592.312144 1.18233 0.59260 0.71208 0.25490 0.78135 0.27516 -0.49880
1403715592.412143 1.09567 0.68228 0.69876 -0.21765 -0.79039 -0.26026 0.51007
1403715592.512144 0.98460 0.77318 0.69168 -0.17712 -0.80032 -0.24251 0.51894
1403715592.612144 0.86804 0.83984 0.68564 -0.13777 -0.80675 -0.22631 0.52816
1403715592.712143 0.74096 0.88462 0.68045 -0.09676 -0.81233 -0.20973 0.53552
1403715592.812144 0.60678 0.90041 0.67735 -0.06552 -0.81778 -0.17883 0.54310
1403715592.912143 0.47734 0.88799 0.67650 -0.05215 -0.82319 -0.12899 0.55045
1403715593.012144 0.32782 0.86207 0.67660 -0.03753 -0.82610 -0.07094 0.55778
1403715593.112144 0.18011 0.83534 0.67605 -0.01494 -0.82517 -0.02360 0.56419
1403715593.212143 0.03435 0.80515 0.67471 0.01822 -0.82199 0.00997 0.56913
1403715593.312144 -0.10966 0.77499 0.67192 0.05588 -0.81888 0.03227 0.57033
1403715593.412143 -0.24286 0.74539 0.66994 0.09852 -0.81466 0.03916 0.57016
1403715593.512144 -0.38816 0.70803 0.66503 0.14515 -0.80839 0.04717 0.56851
1403715593.612144 -0.52227 0.66175 0.66075 0.18241 -0.79797 0.06373 0.57089
1403715593.712143 -0.64928 0.60631 0.65787 0.21316 -0.78167 0.08789 0.57951
1403715593.812144 -0.76453 0.54119 0.65578 0.24362 -0.76585 0.11308 0.58424
1403715593.912143 -0.85940 0.47011 0.65297 0.27634 -0.75416 0.13425 0.58039
1403715594.012144 -0.95906 0.38694 0.64667 0.31403 -0.74519 0.15870 0.56647
1403715594.112144 -1.03945 0.30184 0.64181 0.34615 -0.73891 0.18417 0.54797
1403715594.212143 -1.10892 0.20997 0.63850 0.37519 -0.72988 0.20832 0.53208
1403715594.312144 -1.16661 0.11240 0.63809 0.40302 -0.71786 0.22924 0.51932
1403715594.412143 -1.20747 0.01690 0.63773 0.43091 -0.70153 0.24593 0.51156
1403715594.512144 -1.25302 -0.10052 0.63701 0.46589 -0.67956 0.26113 0.50295
1403715594.612144 -1.28273 -0.21597 0.63423 -0.50017 0.65672 -0.27596 -0.49233
1403715594.712143 -1.29741 -0.33623 0.62934 -0.53399 0.63938 -0.29077 -0.47063
1403715594.812144 -1.29472 -0.45743 0.62299 -0.56088 0.63039 -0.31360 -0.43553
1403715594.912143 -1.27604 -0.57348 0.61878 -0.58361 0.61802 -0.33655 -0.40520
1403715595.012144 -1.26065 -0.72150 0.61260 0.60909 -0.59821 0.35803 0.37812
1403715595.112144 -1.24056 -0.87018 0.60762 0.63194 -0.57517 0.37726 0.35708
1403715595.212143 -1.21880 -1.02937 0.60499 0.64857 -0.55008 0.40338 0.33772
1403715595.312144 -1.19293 -1.19424 0.60117 0.66501 -0.52064 0.42836 0.32126
1403715595.412143 -1.16571 -1.35716 0.59632 0.67938 -0.49023 0.45157 0.30694
1403715595.512144 -1.13734 -1.53972 0.58825 0.69449 -0.45170 0.47710 0.29330
1403715595.612144 -1.11136 -1.71008 0.58137 0.71105 -0.40561 0.49525 0.29089
1403715595.712143 -1.08278 -1.87363 0.57512 0.72482 -0.34869 0.51238 0.30088
1403715595.812144 -1.04862 -2.02387 0.57052 0.73314 -0.29028 0.52975 0.31242
1403715595.912143 -1.01099 -2.14223 0.57329 0.73242 -0.24302 0.55077 0.31804
1403715596.012144 -0.96961 -2.25366 0.57917 0.71928 -0.20403 0.58483 0.31461
1403715596.112144 -0.93566 -2.31590 0.59282 0.70073 -0.18357 0.62205 0.29721
1403715596.212143 -0.91456 -2.33830 0.61429 0.70147 -0.17563 0.63111 0.28069
1403715596.312144 -0.90680 -2.32569 0.64025 0.73318 -0.18168 0.60235 0.25809
1403715596.412143 -0.90783 -2.28012 0.65771 0.77189 -0.19293 0.56146 0.22743
1403715596.512144 -0.90035 -2.22845 0.69034 0.80599 -0.20215 0.52299 0.18974
1403715596.612144 -0.87911 -2.17426 0.72582 0.82967 -0.20293 0.49532 0.15850
1403715596.712143 -0.84250 -2.11926 0.76182 0.84757 -0.19610 0.47495 0.13265
1403715596.812144 -0.79178 -2.06340 0.79314 0.86066 -0.18382 0.46161 0.11131
1403715596.912143 -0.72414 -2.01146 0.81591 0.87082 -0.17650 0.44927 0.09320
1403715597.012144 -0.62759 -1.97130 0.84237 0.87918 -0.16718 0.43893 0.08022
1403715597.112144 -0.50947 -1.94476 0.86810 0.87922 -0.16040 0.44237 0.07453
1403715597.212143 -0.36498 -1.93013 0.89566 0.86750 -0.15518 0.46758 0.06872
1403715597.312144 -0.20035 -1.92548 0.92384 0.84931 -0.14840 0.50303 0.06006
1403715597.412143 -0.03304 -1.92677 0.95487 0.83251 -0.13780 0.53439 0.04867
1403715597.512144 0.15409 -1.93453 0.98068 0.81386 -0.11612 0.56781 0.04168
1403715597.612144 0.32472 -1.94785 1.00107 0.80592 -0.09028 0.58421 0.03244
1403715597.712143 0.49167 -1.96331 1.01383 0.80680 -0.06379 0.58701 0.02061
1403715597.812144 0.65298 -1.98248 1.02334 0.80996 -0.04250 0.58489 0.00847
1403715597.912143 0.80331 -2.00172 1.03419 0.80813 -0.02669 0.58840 0.00171
1403715598.012144 0.96231 -2.02643 1.04535 0.80116 -0.01544 0.59824 -0.00305
1403715598.112144 1.10335 -2.05104 1.05436 0.79781 -0.00657 0.60288 -0.00083
1403715598.212143 1.23706 -2.07542 1.05655 0.79101 -0.00172 0.61180 0.00100
1403715598.312144 1.36020 -2.09774 1.04634 0.77841 -0.00127 0.62775 0.00131
1403715598.412143 1.47073 -2.11973 1.03099 0.76105 -0.00425 0.64867 -0.00118
1403715598.512144 1.55874 -2.14280 1.01380 0.74182 -0.00995 0.67049 -0.00641
1403715598.612144 1.61484 -2.16538 0.99537 0.73437 -0.01398 0.67856 -0.00813
1403715598.712143 1.64698 -2.18688 0.97408 0.74770 -0.01480 0.66387 -0.00252
1403715598.812144 1.65550 -2.20733 0.94783 0.77076 -0.01456 0.63695 0.00328
1403715598.912143 1.65067 -2.22910 0.91879 0.78798 -0.01348 0.61549 0.00808
1403715599.012144 1.63745 -2.24836 0.88662 0.79850 -0.01187 0.60174 0.01267
1403715599.112144 1.61900 -2.26446 0.85525 0.80094 -0.01060 0.59846 0.01506
1403715599.212143 1.59597 -2.27930 0.81898 0.80402 -0.01315 0.59435 0.01100
1403715599.312144 1.56677 -2.29361 0.77629 0.80962 -0.01935 0.58664 0.00148
1403715599.412143 1.53303 -2.30493 0.73096 0.81183 -0.02849 0.58308 -0.01159
1403715599.512144 1.49793 -2.32432 0.68218 0.81048 -0.03795 0.58391 -0.02695
1403715599.612144 1.46333 -2.35050 0.63782 0.80730 -0.04421 0.58737 -0.03613
1403715599.712143 1.42664 -2.38632 0.59664 0.80160 -0.04644 0.59473 -0.03961
1403715599.812144 1.38519 -2.43017 0.55760 0.79657 -0.04193 0.60228 -0.03133
1403715599.912143 1.33960 -2.48140 0.51867 0.79871 -0.03080 0.60075 -0.01469
1403715600.012144 1.28141 -2.53980 0.47280 0.80742 -0.02149 0.58959 0.00105
1403715600.112144 1.22881 -2.59288 0.43062 0.81301 -0.00462 0.58195 0.01844
1403715600.212143 1.17418 -2.64042 0.38762 0.81527 0.02507 0.57738 0.03665
1403715600.312144 1.11950 -2.67699 0.34509 0.81591 0.05658 0.57399 0.04034
1403715600.412143 1.06886 -2.68906 0.30656 0.81644 0.08524 0.57035 0.02932
1403715600.512144 1.00887 -2.69401 0.26193 0.82284 0.11064 0.55738 -0.00323
1403715600.612144 0.95557 -2.68282 0.22567 0.82944 0.12993 0.54138 -0.04519
1403715600.712143 0.90794 -2.66045 0.19777 0.82876 0.15634 0.53145 -0.07926
1403715600.812144 0.86706 -2.63048 0.18323 0.82136 0.18811 0.52780 -0.10681
1403715600.912143 0.83461 -2.59271 0.18263 0.81112 0.21874 0.52725 -0.12747
1403715601.012144 0.80388 -2.55141 0.19413 0.79963 0.24763 0.52703 -0.14666
1403715601.112144 0.78036 -2.50480 0.21696 0.78961 0.26680 0.52904 -0.15954
1403715601.212143 0.76024 -2.45180 0.25174 0.78237 0.27998 0.53173 -0.16364
1403715601.312144 0.74064 -2.39261 0.29527 0.77686 0.29013 0.53496 -0.16167
1403715601.412143 0.72114 -2.32626 0.33761 0.77349 0.29626 0.53647 -0.16171
1403715601.512144 0.69796 -2.25200 0.37879 0.77294 0.29643 0.53566 -0.16664
1403715601.612144 0.67639 -2.17481 0.41382 0.77309 0.29361 0.53536 -0.17180
1403715601.712143 0.65378 -2.09265 0.44631 0.77333 0.28950 0.53554 -0.17703
1403715601.812144 0.63051 -2.00704 0.47834 0.76975 0.28664 0.54093 -0.18091
1403715601.912143 0.60815 -1.92019 0.50905 0.76659 0.27939 0.54903 -0.18124
1403715602.012144 0.57682 -1.82970 0.54110 0.75686 0.26393 0.56988 -0.18094
1403715602.112144 0.54256 -1.74674 0.56777 0.74770 0.24473 0.59085 -0.17871
1403715602.212143 0.49862 -1.66919 0.58886 0.74946 0.22278 0.59910 -0.17249
1403715602.312144 0.44438 -1.59814 0.60618 0.75851 0.20065 0.59872 -0.16104
1403715602.412143 0.38563 -1.53877 0.61500 0.77591 0.18387 0.58676 -0.14095
1403715602.512144 0.31535 -1.47385 0.62833 0.79387 0.16336 0.57338 -0.11963
1403715602.612144 0.24594 -1.41552 0.63963 0.80407 0.14449 0.56824 -0.09848
1403715602.712143 0.17565 -1.35802 0.64287 0.80735 0.12592 0.57169 -0.07412
1403715602.812144 0.10489 -1.30000 0.63067 0.81278 0.10534 0.57059 -0.05214
1403715602.912143 0.03783 -1.24547 0.60422 0.81706 0.08286 0.56934 -0.03738
1403715603.012144 -0.03265 -1.17717 0.56713 0.82144 0.06000 0.56677 -0.02010
1403715603.112144 -0.09787 -1.10865 0.52484 0.82107 0.03695 0.56961 -0.00521
1403715603.212143 -0.15915 -1.03934 0.48095 0.82310 0.01509 0.56761 0.00997
1403715603.312144 -0.21873 -0.96860 0.43607 0.82806 -0.00421 0.56013 0.02364
1403715603.412143 -0.27313 -0.89889 0.39744 0.83087 -0.01947 0.55529 0.03042
1403715603.512144 -0.32678 -0.81633 0.35971 0.82958 -0.03654 0.55646 0.02841
1403715603.612144 -0.37214 -0.73766 0.32859 0.82850 -0.05188 0.55718 0.02113
1403715603.712143 -0.41335 -0.66210 0.30000 0.82619 -0.06795 0.55919 0.00983
1403715603.812144 -0.45183 -0.59455 0.27593 0.82173 -0.07988 0.56426 -0.00030
1403715603.912143 -0.48745 -0.53748 0.25896 0.82682 -0.08767 0.55551 -0.00936
1403715604.012144 -0.51930 -0.49190 0.25643 0.83851 -0.08901 0.53742 -0.01231
1403715604.112144 -0.53942 -0.46232 0.26045 0.84312 -0.07686 0.53219 0.00391
1403715604.212143 -0.55274 -0.43799 0.25987 0.84063 -0.06562 0.53724 0.01997
1403715604.312144 -0.55974 -0.42032 0.25781 0.83645 -0.05951 0.54407 0.02822
1403715604.412143 -0.55859 -0.40218 0.25020 0.83620 -0.05764 0.54451 0.03106
1403715604.512144 -0.55079 -0.38516 0.24238 0.83429 -0.05684 0.54745 0.03204
1403715604.612144 -0.53833 -0.36721 0.23458 0.82687 -0.05592 0.55861 0.03332
1403715604.712143 -0.52266 -0.34922 0.22552 0.82156 -0.05433 0.56636 0.03632
1403715604.812144 -0.50592 -0.33045 0.21603 0.82043 -0.05320 0.56799 0.03801
1403715604.912143 -0.48854 -0.31094 0.20805 0.82054 -0.05243 0.56786 0.03876
1403715605.012144 -0.46911 -0.28981 0.20042 0.82365 -0.05161 0.56342 0.03866
1403715605.112144 -0.44804 -0.26702 0.19648 0.82372 -0.05100 0.56343 0.03796
1403715605.212143 -0.42424 -0.24425 0.19559 0.82173 -0.04932 0.56651 0.03734
1403715605.312144 -0.39971 -0.22129 0.19765 0.81979 -0.05030 0.56954 0.03220
1403715605.412143 -0.37494 -0.19752 0.19785 0.81767 -0.05330 0.57268 0.02455
1403715605.512144 -0.34974 -0.17598 0.18910 0.81853 -0.05488 0.57157 0.01771
1403715605.612144 -0.32528 -0.15667 0.17042 0.82093 -0.05623 0.56812 0.01235
1403715605.712143 -0.30018 -0.14112 0.14844 0.82089 -0.05211 0.56849 0.01582
1403715605.812144 -0.27372 -0.12875 0.12909 0.81965 -0.04578 0.57054 0.02365
1403715605.912143 -0.24718 -0.11763 0.11334 0.81882 -0.04250 0.57182 0.02729
1403715606.012144 -0.21948 -0.10525 0.09613 0.81712 -0.03942 0.57438 0.02912
1403715606.112144 -0.19373 -0.09248 0.07351 0.81629 -0.03693 0.57569 0.02976
1403715606.212143 -0.16824 -0.07717 0.04609 0.81662 -0.03634 0.57536 0.02775
1403715606.312144 -0.14299 -0.06049 0.02162 0.81662 -0.03927 0.57550 0.01960
1403715606.412143 -0.11733 -0.04410 0.00603 0.81714 -0.04130 0.57480 0.01343
1403715606.512144 -0.09208 -0.03004 0.00174 0.81548 -0.04151 0.57722 0.00942
1403715606.612144 -0.06828 -0.01682 -0.00142 0.81446 -0.04239 0.57866 0.00338
1403715606.712143 -0.04621 -0.00645 -0.00747 0.81314 -0.04423 0.58037 -0.00445
1403715606.812144 -0.02568 -0.00035 -0.01714 0.81052 -0.04602 0.58379 -0.01148
1403715606.912143 -0.00819 0.00086 -0.02806 0.80558 -0.04123 0.59100 -0.00728
1403715607.012144 0.00369 -0.00204 -0.04090 0.80421 -0.03173 0.59348 0.00435
1403715607.112144 0.01135 -0.00495 -0.05621 0.80788 -0.02458 0.58869 0.01322
1403715607.212143 0.01618 -0.00656 -0.07077 0.81109 -0.02086 0.58432 0.01629
1403715607.312144 0.01843 -0.00552 -0.08303 0.81283 -0.01992 0.58191 0.01713
1403715607.412143 0.01783 -0.00272 -0.09167 0.81195 -0.02014 0.58314 0.01695
1403715607.512144 0.01527 0.00246 -0.09876 0.81226 -0.01999 0.58266 0.01845
1403715607.612144 0.01025 0.00975 -0.10336 0.81289 -0.02080 0.58172 0.01941
1403715607.712143 0.00379 0.01950 -0.10617 0.81319 -0.02134 0.58123 0.02091
1403715607.812144 -0.00436 0.03139 -0.11374 0.81396 -0.02364 0.58009 0.02015
1403715607.912143 -0.01270 0.04479 -0.12958 0.81549 -0.02283 0.57799 0.01969
1403715608.012144 -0.01149 0.04464 -0.12559 0.81550 -0.01650 0.57804 0.02345
1403715608.112144 -0.01088 0.04401 -0.12819 0.81659 -0.01724 0.57650 0.02315
1403715608.212143 -0.01135 0.04492 -0.12822 0.81641 -0.01706 0.57676 0.02328
1403715608.312144 -0.01123 0.04497 -0.12894 0.81644 -0.01770 0.57670 0.02282
1403715608.412143 -0.01129 0.04456 -0.12919 0.81620 -0.01772 0.57704 0.02296
1403715608.512144 -0.01150 0.04505 -0.12958 0.81608 -0.01793 0.57722 0.02239
1403715608.612144 -0.01127 0.04482 -0.12956 0.81644 -0.01818 0.57671 0.02237
1403715608.712143 -0.01141 0.04498 -0.12987 0.81643 -0.01823 0.57674 0.02205
1403715608.812144 -0.01143 0.04494 -0.12990 0.81629 -0.01827 0.57693 0.02212
1403715608.912143 -0.01137 0.04488 -0.12991 0.81647 -0.01832 0.57667 0.02213
1403715609.012144 -0.01151 0.04499 -0.13000 0.81628 -0.01832 0.57694 0.02205
1403715609.112144 -0.01141 0.04487 -0.12998 0.81643 -0.01840 0.57672 0.02209
1403715609.212143 -0.01148 0.04494 -0.13002 0.81641 -0.01841 0.57677 0.02197
1403715609.312144 -0.01145 0.04492 -0.13004 0.81643 -0.01848 0.57672 0.02199
